rot:
  max: 179.99432601721898
  mean: 143.41276013271627
  median: 142.7896417397119
  min: 59.67135221698123
  num_samples: 2666
  rmse: 145.26571691281933
  std: 23.128094199724657
scale:
  max: 4.327190228623601
  mean: 0.5963551882479639
  median: 0.4447247976545887
  min: 0.000329648996677534
  num_samples: 2666
  rmse: 0.8090226394111746
  std: 0.5466974670963454
trans:
  max: 0.09460927745751443
  mean: 0.019242642063116634
  median: 0.016758777449634676
  min: 0.0011077047116347977
  num_samples: 2666
  rmse: 0.022431509410741093
  std: 0.011527937407660576
