rot:
  max: 153.51875255577121
  mean: 87.30588337598498
  median: 88.10052684354926
  min: 40.62733039547995
  num_samples: 2672
  rmse: 88.32195537441467
  std: 13.35853768565312
scale:
  max: 6.074618753339411
  mean: 1.5629138190518639
  median: 1.3165280965790338
  min: 0.0007399120356632594
  num_samples: 2672
  rmse: 1.9554235553987878
  std: 1.1751517668901976
trans:
  max: 0.13729330284350497
  mean: 0.06957380368947268
  median: 0.06768280029157314
  min: 0.006270983427681811
  num_samples: 2672
  rmse: 0.07377582765697421
  std: 0.024542994655304073
