rot:
  max: 179.98697812802965
  mean: 168.9800845131974
  median: 171.62729359062547
  min: 135.36895617091528
  num_samples: 2672
  rmse: 169.23457981096874
  std: 9.277609697966279
scale:
  max: 4.561192616716259
  mean: 0.5031202531992659
  median: 0.36296732180984836
  min: 0.000284343991796554
  num_samples: 2672
  rmse: 0.704797849514777
  std: 0.4935686573328586
trans:
  max: 0.09048001557625254
  mean: 0.015565935582126692
  median: 0.013129969468509708
  min: 0.001066759841382484
  num_samples: 2672
  rmse: 0.018668627267792923
  std: 0.010306274473196604
