rot:
  max: 179.97959238666715
  mean: 144.06869525469793
  median: 143.31469943468858
  min: 60.945802877997544
  num_samples: 2654
  rmse: 145.84535832927912
  std: 22.695365029115766
scale:
  max: 10.091381414805944
  mean: 0.3446595726205234
  median: 0.2339923463507032
  min: 0.0004770622329619556
  num_samples: 2654
  rmse: 0.5651192164109614
  std: 0.44784987189679587
trans:
  max: 0.20223851762202785
  mean: 0.01153638364922316
  median: 0.009837824511651687
  min: 0.0009486945920563253
  num_samples: 2654
  rmse: 0.01471581475174629
  std: 0.00913603065371666
