rot:
  max: 179.9955018644869
  mean: 143.9724668707568
  median: 143.1973715931121
  min: 60.77681543852937
  num_samples: 2652
  rmse: 145.75368350634767
  std: 22.71706492523643
scale:
  max: 64.3985151858101
  mean: 0.7347088271082384
  median: 0.4511383740290531
  min: 0.00041580901690707606
  num_samples: 2652
  rmse: 2.571799797570011
  std: 2.4646210942354587
trans:
  max: 1.3247650576959742
  mean: 0.02186789122218717
  median: 0.016564682911723375
  min: 0.0008497891437268131
  num_samples: 2652
  rmse: 0.054753550601321685
  std: 0.0501970779721896
