rot:
  max: 179.99706919918188
  mean: 143.97986199790256
  median: 143.10372093221667
  min: 60.69851657319029
  num_samples: 2654
  rmse: 145.77114212467416
  std: 22.782124909606353
scale:
  max: 24.12890937203217
  mean: 0.696441697215982
  median: 0.42015116598835833
  min: 0.00015872747221035155
  num_samples: 2654
  rmse: 1.7745424960543104
  std: 1.6321672808513163
trans:
  max: 0.5150741008446938
  mean: 0.02258031828713921
  median: 0.01725564562653502
  min: 0.0011136975366634425
  num_samples: 2654
  rmse: 0.04244629462954915
  std: 0.03594185796296539
