rot:
  max: 179.99050210734194
  mean: 168.97453378301603
  median: 171.56552582997784
  min: 135.4242626360176
  num_samples: 2672
  rmse: 169.2294702883833
  std: 9.285501973466234
scale:
  max: 3.777199101176665
  mean: 0.5311831093027357
  median: 0.37520706580594365
  min: 0.00015670045054871906
  num_samples: 2672
  rmse: 0.7403989708447217
  std: 0.5157859443794487
trans:
  max: 0.07822121413308793
  mean: 0.017024031511145996
  median: 0.013664779578896072
  min: 0.0007640277604381917
  num_samples: 2672
  rmse: 0.021116088620523603
  std: 0.012492859950280197
