rot:
  max: 151.58656062590134
  mean: 86.95072049037569
  median: 87.91610071630976
  min: 40.83831060311461
  num_samples: 2735
  rmse: 87.93871645935324
  std: 13.14496324540624
scale:
  max: 18.73202550778941
  mean: 3.7929734295525654
  median: 2.5021070860084427
  min: 0.004864399532478192
  num_samples: 2735
  rmse: 5.373536431408346
  std: 3.8063429091952545
trans:
  max: 0.29796510769308787
  mean: 0.10870960098387784
  median: 0.0949244617019674
  min: 0.009080568338707134
  num_samples: 2735
  rmse: 0.12176088317933795
  std: 0.05484464720041896
