rot:
  max: 179.98935278626644
  mean: 144.1176926181713
  median: 143.23854258502163
  min: 61.030022688452036
  num_samples: 2655
  rmse: 145.89109172314716
  std: 22.678212420426792
scale:
  max: 5.079030042871069
  mean: 0.43471617087876957
  median: 0.32141442164309586
  min: 2.222084651837264e-05
  num_samples: 2655
  rmse: 0.6115367200536083
  std: 0.4301151133713229
trans:
  max: 0.11624899269294038
  mean: 0.01448157762785007
  median: 0.012493960742586638
  min: 0.0010675818946703425
  num_samples: 2655
  rmse: 0.01707216887683852
  std: 0.009041175784589399
