rot:
  max: 153.49710741184344
  mean: 87.21705118347849
  median: 88.04827706018591
  min: 41.04924312296924
  num_samples: 2671
  rmse: 88.21392446562959
  std: 13.224312930594321
scale:
  max: 8.804181320072768
  mean: 1.533703965157672
  median: 1.3119897782378098
  min: 0.0016921625567878351
  num_samples: 2671
  rmse: 1.9118578241222153
  std: 1.1414694419549576
trans:
  max: 0.18766000876655314
  mean: 0.06956553286012511
  median: 0.06711897376448499
  min: 0.0037599783193908703
  num_samples: 2671
  rmse: 0.0734938157503611
  std: 0.023706066553413813
