rot:
  max: 153.2328522194264
  mean: 85.72889080347592
  median: 86.62444626324903
  min: 39.58582249262248
  num_samples: 2735
  rmse: 86.735670805029
  std: 13.17702058904235
scale:
  max: 44.9010648477864
  mean: 16.012434725821436
  median: 15.52105580344556
  min: 0.008024364899195113
  num_samples: 2735
  rmse: 18.689081543085102
  std: 9.637619160113777
trans:
  max: 1.4033346072662176
  mean: 0.4815657751780552
  median: 0.4202434068540107
  min: 0.02448874802381402
  num_samples: 2735
  rmse: 0.5460946450676512
  std: 0.25751459288499157
