rot:
  max: 153.95873495987965
  mean: 87.29908979295676
  median: 88.06814991126866
  min: 40.47056218430025
  num_samples: 2675
  rmse: 88.32404582420821
  std: 13.416631174706094
scale:
  max: 7.821097100103058
  mean: 1.6811830123640314
  median: 1.4228544476288851
  min: 0.003828662468707833
  num_samples: 2675
  rmse: 2.0987958863319527
  std: 1.2564107017303365
trans:
  max: 0.16555953839662182
  mean: 0.07029545789378738
  median: 0.06783282655915476
  min: 0.00810111887096474
  num_samples: 2675
  rmse: 0.07454639992204655
  std: 0.02481359185689306
