rot:
  max: 153.37272749950014
  mean: 87.24859456173296
  median: 88.05603244862671
  min: 41.16892421541888
  num_samples: 2671
  rmse: 88.24397539756005
  std: 13.216729586682986
scale:
  max: 5.266302123084632
  mean: 1.4939383488356826
  median: 1.278994422216273
  min: 0.0023235872131932567
  num_samples: 2671
  rmse: 1.8577026725405332
  std: 1.1041772635960034
trans:
  max: 0.1366112081941645
  mean: 0.06824117983057378
  median: 0.0655415938143589
  min: 0.004381502940170549
  num_samples: 2671
  rmse: 0.07214822158221325
  std: 0.023420231698414694
