rot:
  max: 179.991852514366
  mean: 143.47189799051645
  median: 142.8261038818963
  min: 59.76891935597887
  num_samples: 2665
  rmse: 145.3223057989663
  std: 23.116813139513663
scale:
  max: 24.440469508449837
  mean: 0.5025242745199783
  median: 0.2852178225033586
  min: 3.411113150830758e-05
  num_samples: 2665
  rmse: 1.6403736164221843
  std: 1.5615040681894379
trans:
  max: 0.5224247880046194
  mean: 0.015158740781829966
  median: 0.010981351895414656
  min: 0.00030479124932120333
  num_samples: 2665
  rmse: 0.03690206360888761
  std: 0.033644834321239735
