rot:
  max: 153.4866284887461
  mean: 87.27434266029988
  median: 88.0950152722696
  min: 41.064764494897126
  num_samples: 2670
  rmse: 88.27811578396351
  std: 13.274593763253657
scale:
  max: 5.152914383021567
  mean: 1.5211406496807203
  median: 1.3075431952994987
  min: 0.0007801526642259304
  num_samples: 2670
  rmse: 1.8874625509112668
  std: 1.1174282997049014
trans:
  max: 0.1391094032446249
  mean: 0.0690059384436058
  median: 0.06653902437921627
  min: 0.0021599687553143176
  num_samples: 2670
  rmse: 0.073111727151442
  std: 0.024155850359368236
