rot:
  max: 152.35262708558085
  mean: 87.07988704317786
  median: 87.85760731428121
  min: 41.30717794595145
  num_samples: 2738
  rmse: 88.06121486017823
  std: 13.109951761842698
scale:
  max: 5.354290570162368
  mean: 1.5356539196261674
  median: 1.3123212830091602
  min: 0.000226540043835044
  num_samples: 2738
  rmse: 1.875090180927625
  std: 1.0759787292265515
trans:
  max: 0.17923687049914946
  mean: 0.06714284430828285
  median: 0.06302334022531969
  min: 0.004236018533909493
  num_samples: 2738
  rmse: 0.07386570481974314
  std: 0.030789296950582006
