rot:
  max: 147.76656168237574
  mean: 90.57582504453053
  median: 89.53971377731438
  min: 38.07284296802412
  num_samples: 2676
  rmse: 91.63618852602403
  std: 13.900034715051031
scale:
  max: 81.6003490459504
  mean: 6.469138603630583
  median: 4.785642829967646
  min: 0.0016054501234208374
  num_samples: 2676
  rmse: 10.816029944357016
  std: 8.668145677377844
trans:
  max: 2.2727495720816764
  mean: 0.24009311628749563
  median: 0.1589963864032966
  min: 0.008870331926707222
  num_samples: 2676
  rmse: 0.39264060174771553
  std: 0.3106797992341421
