rot:
  max: 153.43850767207573
  mean: 87.24594950613589
  median: 88.06593637633122
  min: 41.08005970490531
  num_samples: 2670
  rmse: 88.24929546085959
  std: 13.269606026965896
scale:
  max: 5.094437959020248
  mean: 1.5066180640449214
  median: 1.2556254085964058
  min: 0.00025377259321723855
  num_samples: 2670
  rmse: 1.8842608052297405
  std: 1.1316098228711884
trans:
  max: 0.13644495428117176
  mean: 0.068257854664151
  median: 0.06619012677163638
  min: 0.0047172276840976276
  num_samples: 2670
  rmse: 0.07222371515593326
  std: 0.02360360793550472
