rot:
  max: 152.1161743106238
  mean: 87.03931876339009
  median: 87.77935321242657
  min: 41.31202952426723
  num_samples: 2738
  rmse: 88.02048201268619
  std: 13.105809511455814
scale:
  max: 5.216383520514489
  mean: 1.551550065536966
  median: 1.411735157800853
  min: 0.0009004257964351225
  num_samples: 2738
  rmse: 1.8876691527620046
  std: 1.0751684632751548
trans:
  max: 0.20145955719340763
  mean: 0.06821853949684435
  median: 0.061606620972076157
  min: 0.005371412894264699
  num_samples: 2738
  rmse: 0.0755475124120406
  std: 0.03246009088965896
