rot:
  max: 154.28268877771475
  mean: 87.32120053333253
  median: 88.01998848198429
  min: 40.53001772502563
  num_samples: 2678
  rmse: 88.34576389278786
  std: 13.415734613420527
scale:
  max: 7.0890975902185405
  mean: 1.6907644851157482
  median: 1.4088212084779783
  min: 0.0013212714645716161
  num_samples: 2678
  rmse: 2.1198246724013385
  std: 1.278660274503247
trans:
  max: 0.15839530999619497
  mean: 0.07127686737372904
  median: 0.06873800557682838
  min: 0.006792046835070498
  num_samples: 2678
  rmse: 0.07554409578281328
  std: 0.02503035327418894
