rot:
  max: 179.9953560861588
  mean: 144.08904962203528
  median: 143.324777933607
  min: 60.90145736922178
  num_samples: 2655
  rmse: 145.86616178029334
  std: 22.699844306367435
scale:
  max: 3.148899479933309
  mean: 0.2021827322658844
  median: 0.15586331436973078
  min: 6.391107110204075e-05
  num_samples: 2655
  rmse: 0.2770832050849167
  std: 0.18946568373621595
trans:
  max: 0.07587230199415426
  mean: 0.007341598884067834
  median: 0.006240714760451138
  min: 0.00047257938634189
  num_samples: 2655
  rmse: 0.008743747927757946
  std: 0.0047491108272628615
