rot:
  max: 151.1677910379224
  mean: 90.56646750993828
  median: 89.08917489222281
  min: 40.58074120794062
  num_samples: 2676
  rmse: 91.50033562201735
  std: 13.039416463673714
scale:
  max: 61.7127777498961
  mean: 4.358628585578271
  median: 3.0150090644293916
  min: 0.0020089867905026537
  num_samples: 2676
  rmse: 7.5440793506847985
  std: 6.1575555297868725
trans:
  max: 1.6617844320135258
  mean: 0.20107759938212297
  median: 0.12467537701271927
  min: 0.005414563023514869
  num_samples: 2676
  rmse: 0.3450010732224144
  std: 0.2803453933121425
