rot:
  max: 179.99774688896684
  mean: 168.962406648615
  median: 171.5201424054386
  min: 135.43610871497407
  num_samples: 2673
  rmse: 169.2157730647411
  std: 9.256510865653128
scale:
  max: 23.27877052379823
  mean: 0.6644683056043484
  median: 0.24128324383869693
  min: 5.8366635602435935e-05
  num_samples: 2673
  rmse: 1.9287004018248226
  std: 1.8106261654042555
trans:
  max: 0.46791627515864603
  mean: 0.02162905487897061
  median: 0.008191830894234616
  min: 0.00036016878270117456
  num_samples: 2673
  rmse: 0.05462762479290593
  std: 0.050163346933363426
