rot:
  max: 151.17774411606513
  mean: 87.42935104673637
  median: 88.01640359428617
  min: 43.113371053309
  num_samples: 2735
  rmse: 88.46543354803362
  std: 13.499685492192727
scale:
  max: 30.940404164131298
  mean: 13.898053817758756
  median: 13.780622196151704
  min: 0.02201092605687016
  num_samples: 2735
  rmse: 15.273436507893784
  std: 6.334189990783693
trans:
  max: 0.7045654926948605
  mean: 0.2902398050596063
  median: 0.27847665850742903
  min: 0.05113550332133053
  num_samples: 2735
  rmse: 0.3172496342161795
  std: 0.12809444160173994
