rot:
  max: 179.99405999997032
  mean: 168.2390379519189
  median: 171.11741468895718
  min: 134.70530897262122
  num_samples: 2735
  rmse: 168.55298778097358
  std: 10.282791396595794
scale:
  max: 41.68375938974419
  mean: 15.521545683200875
  median: 15.856221474765475
  min: 0.014335546961541379
  num_samples: 2735
  rmse: 17.49052436183291
  std: 8.062261596858438
trans:
  max: 0.9920895255493841
  mean: 0.3413973666291319
  median: 0.3286858371030061
  min: 0.07683125000304786
  num_samples: 2735
  rmse: 0.3758603394058035
  std: 0.1572222401473143
