rot:
  max: 179.9975114172901
  mean: 169.04248729088198
  median: 171.69368451530045
  min: 135.4237097746848
  num_samples: 2676
  rmse: 169.2959102984349
  std: 9.25973726882869
scale:
  max: 14.753027263342632
  mean: 0.5209933162865307
  median: 0.28908231073589974
  min: 0.00011252967817565462
  num_samples: 2676
  rmse: 1.1014514956354158
  std: 0.970443899265825
trans:
  max: 0.29515567537243276
  mean: 0.015761899749317125
  median: 0.009746913979389083
  min: 0.0007528450198643486
  num_samples: 2676
  rmse: 0.03136324125640274
  std: 0.027114856046082957
