rot:
  max: 179.99497756128326
  mean: 168.95721192159675
  median: 171.5410446905013
  min: 135.42830744718006
  num_samples: 2675
  rmse: 169.21289440490006
  std: 9.298611324519017
scale:
  max: 6.439540862618909
  mean: 0.6211446084327998
  median: 0.4392358877573721
  min: 0.00022445249883151774
  num_samples: 2675
  rmse: 0.8739492238248111
  std: 0.6147899000787618
trans:
  max: 0.10035364422721808
  mean: 0.019725285180906132
  median: 0.01649567339680424
  min: 0.0012883129501960054
  num_samples: 2675
  rmse: 0.02359099528572
  std: 0.012940177089313262
