rot:
  max: 154.59548984532083
  mean: 85.62805907163106
  median: 88.04843624886428
  min: 30.759960264291017
  num_samples: 2752
  rmse: 86.90986727936267
  std: 14.871466980149968
scale:
  max: 110.97157374411921
  mean: 28.46644453529236
  median: 25.362537299110528
  min: 0.08018322342009387
  num_samples: 2752
  rmse: 34.695851338634995
  std: 19.835917816722862
trans:
  max: 1.4719743715920883
  mean: 0.6411979861432802
  median: 0.5762266352615822
  min: 0.06787714735285691
  num_samples: 2752
  rmse: 0.6960833590704887
  std: 0.27091914908447734
