rot:
  max: 154.6520285773579
  mean: 86.10306225213303
  median: 88.76147517760961
  min: 31.984840711207017
  num_samples: 2736
  rmse: 87.33445755439705
  std: 14.614039384307087
scale:
  max: 108.25729418918341
  mean: 27.79100210874693
  median: 24.452373468251857
  min: 0.11493470806386297
  num_samples: 2736
  rmse: 33.89255321366522
  std: 19.400138276124608
trans:
  max: 1.4579306636572709
  mean: 0.6397498525504925
  median: 0.587310274604098
  min: 0.11602546339980802
  num_samples: 2736
  rmse: 0.6918286849579384
  std: 0.2633382909723793
