rot:
  max: 152.39440650405183
  mean: 86.5451240286578
  median: 87.95501144350219
  min: 37.82073217394094
  num_samples: 2735
  rmse: 87.53169508053108
  std: 13.104928482648264
scale:
  max: 54.91618175068667
  mean: 10.440956362118255
  median: 7.172573433324148
  min: 0.007921110232000927
  num_samples: 2735
  rmse: 15.066165604557423
  std: 10.861665446343455
trans:
  max: 0.7176734920016571
  mean: 0.23272652706083466
  median: 0.17913157050638123
  min: 0.008782294290218602
  num_samples: 2735
  rmse: 0.2866687415834536
  std: 0.16738378357309147
