rot:
  max: 150.94710196175836
  mean: 87.36111004048125
  median: 87.96419065666508
  min: 43.018420698485926
  num_samples: 2735
  rmse: 88.4333017924159
  std: 13.728995535122857
scale:
  max: 39.91943005690697
  mean: 14.741929170203864
  median: 14.684446250471838
  min: 0.03772623739360936
  num_samples: 2735
  rmse: 16.88993569809929
  std: 8.242903143105655
trans:
  max: 0.976562473744074
  mean: 0.36546028126288016
  median: 0.3472910096294616
  min: 0.03763980758280181
  num_samples: 2735
  rmse: 0.40233170686048
  std: 0.16825452494516657
