rot:
  max: 179.98433360454837
  mean: 144.07614530660177
  median: 143.2913329194862
  min: 60.97187958174518
  num_samples: 2654
  rmse: 145.85172593651703
  std: 22.688990992370115
scale:
  max: 10.786390789714684
  mean: 0.3500930159350818
  median: 0.24730400764786942
  min: 3.57292643360374e-05
  num_samples: 2654
  rmse: 0.5912675903464397
  std: 0.4764790064499828
trans:
  max: 0.21082789577725128
  mean: 0.011629135024959238
  median: 0.009773404824650646
  min: 0.000939191072102578
  num_samples: 2654
  rmse: 0.01513338005384484
  std: 0.00968413188806177
