rot:
  max: 152.85038321295684
  mean: 87.99262270036223
  median: 88.32656699721967
  min: 42.96091122149317
  num_samples: 2751
  rmse: 89.01172161274563
  std: 13.43074587566296
scale:
  max: 22.448564750525392
  mean: 8.605629149022775
  median: 8.557632159257022
  min: 0.0024526806386537814
  num_samples: 2751
  rmse: 9.702854592650706
  std: 4.4820234488021615
trans:
  max: 0.5588682741219526
  mean: 0.18305404533089564
  median: 0.16904384323189237
  min: 0.019587204112755763
  num_samples: 2751
  rmse: 0.2047186773804518
  std: 0.09165671473708795
