rot:
  max: 152.27734657036825
  mean: 87.06568117651109
  median: 87.78445369145712
  min: 41.24152605422749
  num_samples: 2738
  rmse: 88.04570237197001
  std: 13.100109443956283
scale:
  max: 5.284413286208234
  mean: 1.7657868355657802
  median: 1.6202696156218832
  min: 0.00012361815704409196
  num_samples: 2738
  rmse: 2.075069903286488
  std: 1.089913737351719
trans:
  max: 0.1848464013717134
  mean: 0.06995328424554421
  median: 0.06688348525490534
  min: 0.006816633534534113
  num_samples: 2738
  rmse: 0.07622032271404677
  std: 0.030266741117859656
