rot:
  max: 179.98799448987484
  mean: 144.03419679462942
  median: 143.2075206821615
  min: 60.817553388832366
  num_samples: 2654
  rmse: 145.81496695949002
  std: 22.719039220950666
scale:
  max: 23.7735638551236
  mean: 0.5955149046874071
  median: 0.38086713210037093
  min: 2.9725234051980465e-05
  num_samples: 2654
  rmse: 1.326206998751563
  std: 1.1849839669095854
trans:
  max: 0.5062140455339667
  mean: 0.019596279204887563
  median: 0.01563418021697609
  min: 0.0007522067597606419
  num_samples: 2654
  rmse: 0.0324435630823148
  std: 0.025856732717035834
