rot:
  max: 179.97544699354782
  mean: 142.03564801417411
  median: 142.27912085186563
  min: 65.1105282292948
  num_samples: 2617
  rmse: 143.72786150644643
  std: 21.990290275706688
scale:
  max: 156.70769066365762
  mean: 0.7577851564670548
  median: 0.47009831638993305
  min: 0.00018921524802539835
  num_samples: 2617
  rmse: 4.4094902764120025
  std: 4.343888368087997
trans:
  max: 3.6223521847756013
  mean: 0.024783294971611077
  median: 0.01522679671492292
  min: 0.0015407498153664416
  num_samples: 2617
  rmse: 0.1182569080307358
  std: 0.11563081158298608
