rot:
  max: 152.3648462447022
  mean: 86.65584765385432
  median: 87.98733977414071
  min: 39.28821720685827
  num_samples: 2751
  rmse: 87.63943590249029
  std: 13.093310990681333
scale:
  max: 59.73997479408686
  mean: 11.974407676754838
  median: 9.312243303930789
  min: 0.016271797187927817
  num_samples: 2751
  rmse: 16.712041005305647
  std: 11.657867530294373
trans:
  max: 0.7216063749921653
  mean: 0.23565982001299782
  median: 0.18796091303005347
  min: 0.024228042475898517
  num_samples: 2751
  rmse: 0.28496950847992686
  std: 0.16022506044540152
