rot:
  max: 151.97110258016167
  mean: 86.74285773749108
  median: 88.00088989841548
  min: 38.29643431295522
  num_samples: 2735
  rmse: 87.72977658014183
  std: 13.122131318310522
scale:
  max: 49.245482778553736
  mean: 9.605148150208258
  median: 6.473582435346414
  min: 0.007230288905168969
  num_samples: 2735
  rmse: 13.896338661300451
  std: 10.042378065085213
trans:
  max: 0.6798165985162915
  mean: 0.22793767184096694
  median: 0.17900066535527948
  min: 0.011660986504829626
  num_samples: 2735
  rmse: 0.2743780555610716
  std: 0.15273419764150437
