rot:
  max: 179.98196533783778
  mean: 168.75092946790707
  median: 171.82377831273683
  min: 133.36883905003845
  num_samples: 2735
  rmse: 169.03238353728304
  std: 9.750409633066537
scale:
  max: 45.94547247095729
  mean: 17.08568416184904
  median: 17.5685170520565
  min: 0.006812621202934022
  num_samples: 2735
  rmse: 19.81542312900917
  std: 10.03645308379477
trans:
  max: 1.3217889792977513
  mean: 0.43418057139915633
  median: 0.41122229845615105
  min: 0.025523747781119745
  num_samples: 2735
  rmse: 0.48927780232092727
  std: 0.22556595324538245
