rot:
  max: 179.99892604173647
  mean: 168.99361408668386
  median: 171.61365277284395
  min: 135.42670022367608
  num_samples: 2672
  rmse: 169.2482551063424
  std: 9.280638688283837
scale:
  max: 6.838283483926655
  mean: 0.5919953228023732
  median: 0.36715806480093205
  min: 4.953072031410599e-05
  num_samples: 2672
  rmse: 0.931442048465543
  std: 0.719114613556004
trans:
  max: 0.20504129282465958
  mean: 0.021063304180188654
  median: 0.01376573711967426
  min: 0.0006542469988560347
  num_samples: 2672
  rmse: 0.03105324776080844
  std: 0.022817568089237756
