rot:
  max: 179.9882955153768
  mean: 168.82350050432586
  median: 171.5944665222213
  min: 137.58242273408464
  num_samples: 2734
  rmse: 169.10681325549234
  std: 9.784680214184887
scale:
  max: 14.173392375703052
  mean: 7.164088837450266
  median: 7.2382591439916375
  min: 0.001316099256953862
  num_samples: 2734
  rmse: 7.7909852864243545
  std: 3.0619083693672553
trans:
  max: 0.22994994576561836
  mean: 0.13898357590753765
  median: 0.14548628558921817
  min: 0.03500389796118175
  num_samples: 2734
  rmse: 0.14471558880347632
  std: 0.04032576435345691
