rot:
  max: 179.99611428340052
  mean: 169.0691651147472
  median: 171.71965687027708
  min: 135.75795583539286
  num_samples: 2676
  rmse: 169.3216069275189
  std: 9.242509395159077
scale:
  max: 10.426889876711954
  mean: 0.22155474791243715
  median: 0.1470910260311542
  min: 6.504140357410648e-05
  num_samples: 2676
  rmse: 0.471256086016851
  std: 0.41592762866318234
trans:
  max: 0.22284484211871566
  mean: 0.006485161455970864
  median: 0.005291571407693117
  min: 0.0002791632298625847
  num_samples: 2676
  rmse: 0.011149793019040375
  std: 0.009069761036401744
