rot:
  max: 179.99663384378673
  mean: 169.0423537387137
  median: 171.6900053315559
  min: 135.35328572257953
  num_samples: 2673
  rmse: 169.2952380636431
  std: 9.249879647929069
scale:
  max: 21.2116666801043
  mean: 0.3375983133928469
  median: 0.2019138887622285
  min: 5.8125940871622817e-05
  num_samples: 2673
  rmse: 0.8091652066213657
  std: 0.7353745374983435
trans:
  max: 0.44615113226928965
  mean: 0.010682504438497014
  median: 0.00748676314921673
  min: 0.00047328627402565406
  num_samples: 2673
  rmse: 0.019465588489180854
  std: 0.01627246859427362
