rot:
  max: 152.1776787077465
  mean: 86.7235049120863
  median: 87.94369949162603
  min: 39.78385507399493
  num_samples: 2751
  rmse: 87.70362077993165
  std: 13.075121172417735
scale:
  max: 35.619256599442735
  mean: 6.856033266342061
  median: 4.883219577085018
  min: 0.0039800123772359974
  num_samples: 2751
  rmse: 9.838421699375882
  std: 7.056156842471775
trans:
  max: 0.46314891649674667
  mean: 0.1461059249866023
  median: 0.11986720592663694
  min: 0.025123209196413504
  num_samples: 2751
  rmse: 0.1754438845009951
  std: 0.09712680007396447
