rot:
  max: 152.0943716286597
  mean: 87.56099169610442
  median: 88.05525887337356
  min: 42.23557178509451
  num_samples: 2738
  rmse: 88.55958750202197
  std: 13.26172204968156
scale:
  max: 11.041079046986157
  mean: 4.142602911193879
  median: 4.179045820891247
  min: 0.019291522007591766
  num_samples: 2738
  rmse: 4.702576312203489
  std: 2.2255482677905074
trans:
  max: 0.28659970777199084
  mean: 0.09566550791984808
  median: 0.0908857424088095
  min: 0.008719282741518819
  num_samples: 2738
  rmse: 0.1030321909430866
  std: 0.03825889393291677
