rot:
  max: 152.43285683784507
  mean: 91.15022297201745
  median: 89.30758195814659
  min: 42.15660057638183
  num_samples: 2676
  rmse: 92.07700561338092
  std: 13.03118624216866
scale:
  max: 35.775035429038915
  mean: 4.087078403875774
  median: 2.467299592613892
  min: 0.0017773785229824313
  num_samples: 2676
  rmse: 6.987679039973859
  std: 5.667755154050156
trans:
  max: 1.717942262322018
  mean: 0.20886938021553192
  median: 0.13257038631304754
  min: 0.005214657872574539
  num_samples: 2676
  rmse: 0.36430772510585735
  std: 0.29848567902025824
