rot:
  max: 153.28273861897407
  mean: 87.26454504011012
  median: 88.09022736451567
  min: 40.954194611406955
  num_samples: 2672
  rmse: 88.26861471970827
  std: 13.275824775843468
scale:
  max: 5.060293836644359
  mean: 1.4765043276404253
  median: 1.2365393414074388
  min: 0.0009163868300854361
  num_samples: 2672
  rmse: 1.8469587649130554
  std: 1.1095907577788604
trans:
  max: 0.1392092077123117
  mean: 0.06853960541473644
  median: 0.06666853065568015
  min: 0.0024465195739644934
  num_samples: 2672
  rmse: 0.07253584337936521
  std: 0.02374386371987555
