rot:
  max: 151.55369063504625
  mean: 86.96254815501732
  median: 87.99690618174375
  min: 40.13110111285281
  num_samples: 2735
  rmse: 87.95054003877584
  std: 13.145824869463985
scale:
  max: 25.171254245631246
  mean: 4.985812920275754
  median: 3.056842273573923
  min: 0.0022793730817483038
  num_samples: 2735
  rmse: 7.219042153588723
  std: 5.220750821414699
trans:
  max: 0.40679271759890484
  mean: 0.13790774380571996
  median: 0.10766684694813314
  min: 0.017703523796534993
  num_samples: 2735
  rmse: 0.15951724436915712
  std: 0.08016985374531577
