rot:
  max: 179.96926491260123
  mean: 144.09236101114956
  median: 143.31489330947224
  min: 60.97788812867056
  num_samples: 2654
  rmse: 145.8668279567167
  std: 22.683099355839644
scale:
  max: 25.48952499575583
  mean: 0.3844971646181556
  median: 0.26382457936566794
  min: 0.00014075210290620532
  num_samples: 2654
  rmse: 0.9480807361640183
  std: 0.8666135313309532
trans:
  max: 0.5284561166415959
  mean: 0.012149283719486963
  median: 0.010073679692231656
  min: 0.00045443267275414244
  num_samples: 2654
  rmse: 0.021313560550978543
  std: 0.017511789413524756
