rot:
  max: 179.99511325332398
  mean: 169.0651505047145
  median: 171.713271508469
  min: 135.69036994536503
  num_samples: 2676
  rmse: 169.3176139504352
  std: 9.242796042696124
scale:
  max: 9.77816657406283
  mean: 0.39409078201723224
  median: 0.2238063131179635
  min: 6.222811017586594e-05
  num_samples: 2676
  rmse: 0.7749913453279369
  std: 0.6673110525551427
trans:
  max: 0.20668915311610753
  mean: 0.012283475644625192
  median: 0.007022711357083931
  min: 0.0005819124623894073
  num_samples: 2676
  rmse: 0.02220091729444841
  std: 0.018493159676021755
