rot:
  max: 152.19467832665404
  mean: 86.73210662438254
  median: 88.147053893734
  min: 39.37190688280614
  num_samples: 2751
  rmse: 87.71765600792187
  std: 13.112164429294833
scale:
  max: 57.35496074741013
  mean: 10.983146973165415
  median: 8.304840005366032
  min: 0.006310811226284407
  num_samples: 2751
  rmse: 15.604537268194475
  std: 11.084767292113868
trans:
  max: 0.7173703251624488
  mean: 0.22422978104139982
  median: 0.18113158265408208
  min: 0.015331743358660487
  num_samples: 2751
  rmse: 0.2698323655482558
  std: 0.15010166818357987
