rot:
  max: 151.48918138915784
  mean: 87.71147680702576
  median: 88.17453716541733
  min: 43.83182861874467
  num_samples: 2735
  rmse: 88.76430447605222
  std: 13.630795481111559
scale:
  max: 33.92630293191665
  mean: 14.354434093799883
  median: 13.998999267749635
  min: 0.009133487380674765
  num_samples: 2735
  rmse: 15.971786227391677
  std: 7.003440378860544
trans:
  max: 0.7584415566722674
  mean: 0.3142822851693801
  median: 0.30550230142399293
  min: 0.043224914426905105
  num_samples: 2735
  rmse: 0.3433413569377339
  std: 0.13823867987128954
