rot:
  max: 148.85214669622604
  mean: 87.96706852187883
  median: 88.28091279379309
  min: 41.6978658429165
  num_samples: 2751
  rmse: 89.06636595188232
  std: 13.950354817770236
scale:
  max: 23.965045973012444
  mean: 9.767383990845188
  median: 9.839280174101827
  min: 0.005703574556714663
  num_samples: 2751
  rmse: 10.81205752882507
  std: 4.636679629002224
trans:
  max: 0.5679417587717197
  mean: 0.20289276105500229
  median: 0.19487437405136826
  min: 0.012630126398747686
  num_samples: 2751
  rmse: 0.22118769291276558
  std: 0.08808247843668812
