rot:
  max: 179.99175081144352
  mean: 144.04895347630915
  median: 143.2777366922412
  min: 60.91068085628735
  num_samples: 2654
  rmse: 145.8269658395919
  std: 22.702488153539175
scale:
  max: 8.147368176289916
  mean: 0.3584557286348157
  median: 0.2675082052012778
  min: 0.0008268825838042559
  num_samples: 2654
  rmse: 0.5462511882194167
  std: 0.4121890964593891
trans:
  max: 0.1772271062671433
  mean: 0.011925508241792712
  median: 0.010195259252808021
  min: 0.0003694271938065761
  num_samples: 2654
  rmse: 0.014920550712615104
  std: 0.008966888353417407
