rot:
  max: 152.1616697624103
  mean: 86.50877861531029
  median: 88.5620538421113
  min: 36.68241114016802
  num_samples: 2735
  rmse: 87.52126075495693
  std: 13.274121689377745
scale:
  max: 76.2868941843059
  mean: 16.358746645940194
  median: 12.88260358465747
  min: 0.00039874660138217166
  num_samples: 2735
  rmse: 22.018900035447807
  std: 14.738499480781085
trans:
  max: 0.9341693290903944
  mean: 0.32386141524663287
  median: 0.27729790726935566
  min: 0.0072535682026778426
  num_samples: 2735
  rmse: 0.38070071941535166
  std: 0.20011701946065022
