rot:
  max: 179.99532203193897
  mean: 169.03017960360154
  median: 171.68648801946853
  min: 135.47424466644912
  num_samples: 2670
  rmse: 169.28344854249485
  std: 9.256583258075137
scale:
  max: 7.135691816336309
  mean: 0.4751646910962846
  median: 0.29998851759776013
  min: 0.00019838291231977223
  num_samples: 2670
  rmse: 0.8676444888660985
  std: 0.7259652026062182
trans:
  max: 0.18239564378088405
  mean: 0.014467375378586033
  median: 0.009175368372596436
  min: 0.0006943185131617493
  num_samples: 2670
  rmse: 0.024303801080141473
  std: 0.01952869162535392
