rot:
  max: 151.37390002412945
  mean: 86.44731069782101
  median: 88.44706488692967
  min: 37.07681259976616
  num_samples: 2735
  rmse: 87.45853977770683
  std: 13.261170882057888
scale:
  max: 76.0722634544303
  mean: 15.635186611222233
  median: 11.912700931578657
  min: 0.0194604401883125
  num_samples: 2735
  rmse: 21.623778935794846
  std: 14.937494940463809
trans:
  max: 0.9544367624923931
  mean: 0.3185367841570198
  median: 0.2694054651530481
  min: 0.04024985315048579
  num_samples: 2735
  rmse: 0.37744791172050174
  std: 0.202487637156128
