rot:
  max: 179.99635926546335
  mean: 143.469192226573
  median: 142.87114727667677
  min: 59.801002828600055
  num_samples: 2665
  rmse: 145.31283614332702
  std: 23.07403800534463
scale:
  max: 5.283006202197161
  mean: 0.29187390172529143
  median: 0.2092144287536346
  min: 0.00040181725498023013
  num_samples: 2665
  rmse: 0.4463625089177531
  std: 0.33771158531949436
trans:
  max: 0.1382708408827542
  mean: 0.009936007857913182
  median: 0.008210254519952576
  min: 0.0003853671448187305
  num_samples: 2665
  rmse: 0.012892267944782125
  std: 0.008215005819081597
