rot:
  max: 153.4740389696948
  mean: 87.30555121488923
  median: 88.08296285112309
  min: 41.14834019013192
  num_samples: 2676
  rmse: 88.30918724947847
  std: 13.276041568472744
scale:
  max: 7.095743481829686
  mean: 1.5306443994210863
  median: 1.32046195486768
  min: 0.0030757822824911685
  num_samples: 2676
  rmse: 1.9070663331268962
  std: 1.137554271877581
trans:
  max: 0.14546698040162687
  mean: 0.06814071632410672
  median: 0.06597797434087443
  min: 0.0039311080589589835
  num_samples: 2676
  rmse: 0.07220270588510967
  std: 0.023876212345538814
