rot:
  max: 152.14395247130278
  mean: 86.00474125985005
  median: 88.35610054482018
  min: 34.9533678207861
  num_samples: 2752
  rmse: 87.0946953588769
  std: 13.735735891528352
scale:
  max: 99.05031019324981
  mean: 23.564943464862964
  median: 20.886647742159305
  min: 0.009441172624780059
  num_samples: 2752
  rmse: 30.015915939622907
  std: 18.59162847069404
trans:
  max: 1.2802537770483349
  mean: 0.488273817133413
  median: 0.4181065576018505
  min: 0.06334665011040866
  num_samples: 2752
  rmse: 0.5463248220370521
  std: 0.24507037902566425
