rot:
  max: 151.56490409012517
  mean: 87.9130372111289
  median: 88.4200662903799
  min: 43.26627872833754
  num_samples: 2734
  rmse: 88.92966549702473
  std: 13.408329266816727
scale:
  max: 17.819081270779403
  mean: 9.200222478539912
  median: 9.56349199106613
  min: 0.001073224026648667
  num_samples: 2734
  rmse: 10.075421633485066
  std: 4.107313895706969
trans:
  max: 0.35943378589689806
  mean: 0.18936467674583116
  median: 0.18615731481982645
  min: 0.034693874158763044
  num_samples: 2734
  rmse: 0.20010077503659945
  std: 0.06466327683619712
