rot:
  max: 179.99680878285963
  mean: 144.09276065324198
  median: 143.32065414982168
  min: 61.039856263581214
  num_samples: 2654
  rmse: 145.86631879860673
  std: 22.677285710248707
scale:
  max: 14.791753438092591
  mean: 0.45216991579526344
  median: 0.30270872865665877
  min: 0.00025013140306784365
  num_samples: 2654
  rmse: 0.8365265123640905
  std: 0.7037890118051959
trans:
  max: 0.30227974108335426
  mean: 0.01450989151057899
  median: 0.01166920082914748
  min: 0.0011289661634139333
  num_samples: 2654
  rmse: 0.02065844429382123
  std: 0.01470490969003696
