rot:
  max: 154.511265832846
  mean: 85.85258542335056
  median: 88.46907275046877
  min: 31.37222605195959
  num_samples: 2736
  rmse: 87.12652948917527
  std: 14.844720170970724
scale:
  max: 107.2256321476309
  mean: 27.096704086564785
  median: 23.03598610097356
  min: 0.004372856230761002
  num_samples: 2736
  rmse: 33.328226248643425
  std: 19.404620391182846
trans:
  max: 1.4752328059858733
  mean: 0.6373116888797443
  median: 0.5815484920952139
  min: 0.12832178488612608
  num_samples: 2736
  rmse: 0.6930599942766797
  std: 0.2723342925230679
