rot:
  max: 152.0129869046156
  mean: 87.01377962704653
  median: 88.04932816582566
  min: 40.35015590440225
  num_samples: 2751
  rmse: 87.99434092470639
  std: 13.099854571301766
scale:
  max: 25.952228491627483
  mean: 4.6735059396076535
  median: 2.941951138143739
  min: 0.000911024701755192
  num_samples: 2751
  rmse: 7.038246722841012
  std: 5.2626285413312415
trans:
  max: 0.36158130542919925
  mean: 0.117806156931934
  median: 0.09567543386068654
  min: 0.0036414850868004547
  num_samples: 2751
  rmse: 0.1400840445384337
  std: 0.07579742029366433
