rot:
  max: 179.99639259155046
  mean: 168.42131209188062
  median: 171.3266657824591
  min: 135.8450357519827
  num_samples: 2735
  rmse: 168.72436859266355
  std: 10.108124961749242
scale:
  max: 41.43529621733562
  mean: 14.895248927887403
  median: 15.039603393973767
  min: 0.0019083293083421715
  num_samples: 2735
  rmse: 17.106541756662345
  std: 8.412213159965859
trans:
  max: 0.9925828213680241
  mean: 0.35573779070585276
  median: 0.34486451885753977
  min: 0.058037122795374825
  num_samples: 2735
  rmse: 0.3927950150851044
  std: 0.16654893617020303
