rot:
  max: 151.7111080979431
  mean: 86.83131418612548
  median: 88.1819629305419
  min: 38.92429745433776
  num_samples: 2735
  rmse: 87.81856011382466
  std: 13.130970153640625
scale:
  max: 56.18504398898634
  mean: 10.808821692861981
  median: 7.560091760754439
  min: 0.01695204546160456
  num_samples: 2735
  rmse: 15.331877257035451
  std: 10.8736302050749
trans:
  max: 0.71496209038139
  mean: 0.2235108615337761
  median: 0.1738768517481652
  min: 0.01845344484878243
  num_samples: 2735
  rmse: 0.27204622775728154
  std: 0.15508721679556933
