rot:
  max: 152.17377513027
  mean: 87.06574316594693
  median: 87.6474887151942
  min: 41.60210366063695
  num_samples: 2751
  rmse: 88.07981460839991
  std: 13.327044248875886
scale:
  max: 24.631958010822952
  mean: 10.209623170477402
  median: 10.39153068033305
  min: 0.001443018827984588
  num_samples: 2751
  rmse: 11.382886657310234
  std: 5.033259716130559
trans:
  max: 0.5905046861949818
  mean: 0.2160107138820338
  median: 0.19945977806092224
  min: 0.012209494184482082
  num_samples: 2751
  rmse: 0.2389886405949298
  std: 0.1022494098838064
