rot:
  max: 179.9786707992824
  mean: 144.1052506172219
  median: 143.34893505615662
  min: 60.940799989326536
  num_samples: 2655
  rmse: 145.8810154041222
  std: 22.692452487235254
scale:
  max: 3.3106398879324317
  mean: 0.1843381495795163
  median: 0.15500556150878086
  min: 4.230403765070889e-05
  num_samples: 2655
  rmse: 0.24536837651915275
  std: 0.16194161542125188
trans:
  max: 0.06459927938512287
  mean: 0.006798858801588796
  median: 0.0059371309012524335
  min: 0.0003309986142687358
  num_samples: 2655
  rmse: 0.007972376073263827
  std: 0.004163448000108577
