rot:
  max: 179.99121192788252
  mean: 168.97202915081283
  median: 171.61635806834238
  min: 135.0501409262875
  num_samples: 2675
  rmse: 169.22535508101646
  std: 9.256034083393322
scale:
  max: 16.52205462916907
  mean: 0.6691986918645477
  median: 0.40714830327471807
  min: 0.000476624948575477
  num_samples: 2675
  rmse: 1.228855281401653
  std: 1.030659213045473
trans:
  max: 0.7799132634953961
  mean: 0.021746736952049484
  median: 0.015404550241420808
  min: 0.001033586694989908
  num_samples: 2675
  rmse: 0.04516266515870516
  std: 0.03958213935824695
