rot:
  max: 153.48589133992738
  mean: 87.2825618240744
  median: 88.044542166658
  min: 40.95231428997837
  num_samples: 2676
  rmse: 88.29196578391254
  std: 13.312611442320387
scale:
  max: 9.507272672473178
  mean: 1.5469779259403302
  median: 1.2832582279451055
  min: 0.0014818646279057823
  num_samples: 2676
  rmse: 1.9735401484621902
  std: 1.225446863085267
trans:
  max: 0.13977274134868592
  mean: 0.069377232333053
  median: 0.06744845819234323
  min: 0.007343941246998922
  num_samples: 2676
  rmse: 0.07337976216480772
  std: 0.023903747178409703
