rot:
  max: 153.45586512031753
  mean: 87.24283395109914
  median: 88.07853950441461
  min: 40.93459475118267
  num_samples: 2670
  rmse: 88.24746485075964
  std: 13.277913117918082
scale:
  max: 5.329631484044983
  mean: 1.5283250856404786
  median: 1.3052352453627014
  min: 0.000335122654882003
  num_samples: 2670
  rmse: 1.8892404919445498
  std: 1.110608873098404
trans:
  max: 0.1371899038025081
  mean: 0.06849295269275767
  median: 0.0662324141148957
  min: 0.002302586631479247
  num_samples: 2670
  rmse: 0.07250285286188989
  std: 0.023777701834712704
