rot:
  max: 153.3201021382117
  mean: 87.07892773536491
  median: 87.53742011220666
  min: 41.51600791932826
  num_samples: 2752
  rmse: 88.08803760665086
  std: 13.295213945244642
scale:
  max: 34.90939780934682
  mean: 12.919332132982062
  median: 12.96475349464276
  min: 0.003186153810941228
  num_samples: 2752
  rmse: 14.969151660270139
  std: 7.56084378001989
trans:
  max: 0.9866523106503405
  mean: 0.31923675772207377
  median: 0.3057417483982604
  min: 0.015225013928344118
  num_samples: 2752
  rmse: 0.3655163782492133
  std: 0.17801717694514774
