rot:
  max: 153.43797547911817
  mean: 87.25377923023834
  median: 88.11315885169533
  min: 40.90808361258206
  num_samples: 2673
  rmse: 88.25480502301654
  std: 13.254758379219767
scale:
  max: 19.479350270889505
  mean: 1.5713438298252476
  median: 1.3191396145518786
  min: 0.0010415827601084615
  num_samples: 2673
  rmse: 2.0495689791707474
  std: 1.31590712774464
trans:
  max: 0.4075290323495711
  mean: 0.07101554319373359
  median: 0.06818013264081114
  min: 0.005304685543656501
  num_samples: 2673
  rmse: 0.07575858456944917
  std: 0.02638476380158345
