rot:
  max: 152.6652262167374
  mean: 87.08235524089936
  median: 88.24721774989756
  min: 38.94567589654292
  num_samples: 2735
  rmse: 88.06927580866177
  std: 13.147651773604688
scale:
  max: 53.927647080476994
  mean: 10.646165034464968
  median: 7.478575655196207
  min: 0.0026030361422346715
  num_samples: 2735
  rmse: 15.336750317812301
  std: 11.039704722946674
trans:
  max: 0.6974309509934892
  mean: 0.2287188085994499
  median: 0.17711288054551688
  min: 0.014202883974559216
  num_samples: 2735
  rmse: 0.2776432370227777
  std: 0.15739591372502196
