rot:
  max: 179.99285982129942
  mean: 166.91074043046527
  median: 170.27004410103962
  min: 107.69052251199794
  num_samples: 2676
  rmse: 167.34611008115232
  std: 12.063386267837554
scale:
  max: 37.86561398312425
  mean: 4.730006981263107
  median: 3.2683384881599222
  min: 0.00042869485319396716
  num_samples: 2676
  rmse: 7.435256388591522
  std: 5.73673003733776
trans:
  max: 1.8793060266969652
  mean: 0.21867831639159685
  median: 0.14034359903841856
  min: 0.012159516833175248
  num_samples: 2676
  rmse: 0.37823786182927543
  std: 0.3086157385184983
