rot:
  max: 153.6200563989856
  mean: 87.25264820217068
  median: 88.06752283857769
  min: 40.919319959314976
  num_samples: 2670
  rmse: 88.25699494953565
  std: 13.276766896748404
scale:
  max: 8.065372558568695
  mean: 1.6341511974809204
  median: 1.3459124770729192
  min: 0.0011364791152379539
  num_samples: 2670
  rmse: 2.0734744249426544
  std: 1.2762625335968079
trans:
  max: 0.17359679951256213
  mean: 0.07023237298088622
  median: 0.06755426145446411
  min: 0.001476321056454206
  num_samples: 2670
  rmse: 0.0749365454841803
  std: 0.02613234843209301
