rot:
  max: 179.97482536438605
  mean: 144.06899893918379
  median: 143.32773079712405
  min: 60.91431300958664
  num_samples: 2654
  rmse: 145.84553099613356
  std: 22.694546838517027
scale:
  max: 3.0000384297515836
  mean: 0.3366072902621674
  median: 0.2429500803330542
  min: 0.00033449569072363516
  num_samples: 2654
  rmse: 0.469990010671974
  std: 0.3280032656450287
trans:
  max: 0.05714061809095732
  mean: 0.011074201505456268
  median: 0.009607512910355474
  min: 0.0008732673824202736
  num_samples: 2654
  rmse: 0.012893195284960505
  std: 0.006602768031112254
