rot:
  max: 151.29528288087178
  mean: 87.44958368965521
  median: 88.08673453863541
  min: 41.850410532774866
  num_samples: 2751
  rmse: 88.45716597326606
  std: 13.31317109211477
scale:
  max: 15.095018705328656
  mean: 6.073883502721833
  median: 6.124602931935685
  min: 0.026680112235566433
  num_samples: 2751
  rmse: 6.825422849927099
  std: 3.1135729115712873
trans:
  max: 0.3344844926589335
  mean: 0.13663398156205142
  median: 0.13177559037850242
  min: 0.01956755346439249
  num_samples: 2751
  rmse: 0.14787379691093347
  std: 0.05654922541783373
