rot:
  max: 179.99615159442698
  mean: 143.42099230510814
  median: 142.8115337266969
  min: 59.73612586356567
  num_samples: 2665
  rmse: 145.26860732863992
  std: 23.095177882421225
scale:
  max: 4.883541297041982
  mean: 0.4789262229354047
  median: 0.3674326527147831
  min: 0.0003665685160858523
  num_samples: 2665
  rmse: 0.6498934575507276
  std: 0.43930761335545543
trans:
  max: 0.09256635084943249
  mean: 0.015816048590200023
  median: 0.01390384332177973
  min: 0.0005128041978804189
  num_samples: 2665
  rmse: 0.018516631826431883
  std: 0.009629032204124257
