rot:
  max: 179.99875667520692
  mean: 168.9711755294049
  median: 171.61797181849684
  min: 135.53731245173515
  num_samples: 2672
  rmse: 169.2268475704485
  std: 9.298805237390043
scale:
  max: 11.300455855396851
  mean: 0.656650087968539
  median: 0.4100175918022364
  min: 0.0005533183539463415
  num_samples: 2672
  rmse: 1.1254635247880624
  std: 0.9140452984394583
trans:
  max: 0.2503662643036533
  mean: 0.020991731784294268
  median: 0.013461561268934153
  min: 0.0013706326327161966
  num_samples: 2672
  rmse: 0.03408454955991718
  std: 0.026853374376392652
