rot:
  max: 152.01755967595705
  mean: 86.50902819853577
  median: 88.61433631419494
  min: 36.51319244513623
  num_samples: 2735
  rmse: 87.52212008587014
  std: 13.278160432469647
scale:
  max: 79.90194098124283
  mean: 17.18315234599991
  median: 13.504476808937692
  min: 0.04157579949523038
  num_samples: 2735
  rmse: 22.992970508788613
  std: 15.277956940382474
trans:
  max: 0.9961929483486294
  mean: 0.3373464237746828
  median: 0.2790929766777182
  min: 0.01811603628303382
  num_samples: 2735
  rmse: 0.3974848380742503
  std: 0.21021795086372844
