rot:
  max: 130.8876174127938
  mean: 80.57892038982891
  median: 89.19582580792499
  min: 14.063493550580981
  num_samples: 2675
  rmse: 84.1108063900825
  std: 24.11773912288524
scale:
  max: 294.3969521809995
  mean: 15.435645810574812
  median: 13.57592327497763
  min: 0.006480675306619332
  num_samples: 2675
  rmse: 21.908860324290675
  std: 15.54795803698228
trans:
  max: 5.667527835105681
  mean: 0.677422711683693
  median: 0.5609558710353165
  min: 0.011595765406183595
  num_samples: 2675
  rmse: 0.8421150582931993
  std: 0.5002561754733973
