rot:
  max: 152.2728167977675
  mean: 86.71327128654777
  median: 88.09822547018985
  min: 39.1955161581484
  num_samples: 2751
  rmse: 87.69984841410272
  std: 13.117621531442431
scale:
  max: 60.770814277249066
  mean: 11.776397587326143
  median: 9.134886119425067
  min: 0.021662340879557984
  num_samples: 2751
  rmse: 16.644203851752287
  std: 11.762056866207738
trans:
  max: 0.7323838494948939
  mean: 0.2347207149906828
  median: 0.19387775703516952
  min: 0.02049076725957049
  num_samples: 2751
  rmse: 0.282598095439632
  std: 0.15737810997838925
