rot:
  max: 151.90249956027478
  mean: 86.98654646913404
  median: 87.72662450239453
  min: 40.98272164710412
  num_samples: 2734
  rmse: 87.96938410366577
  std: 13.113095475572042
scale:
  max: 7.998538628015039
  mean: 2.64861663781358
  median: 2.4392753810633163
  min: 0.001299907578145021
  num_samples: 2734
  rmse: 3.1709965439181356
  std: 1.743573625470927
trans:
  max: 0.285691844460001
  mean: 0.09468327477319408
  median: 0.08866465847758974
  min: 0.01269490243080701
  num_samples: 2734
  rmse: 0.10236664615376534
  std: 0.03891025215793399
