rot:
  max: 179.97010031620286
  mean: 144.12091027009882
  median: 143.39823315234514
  min: 61.00354246578126
  num_samples: 2655
  rmse: 145.89487125295602
  std: 22.68207840641511
scale:
  max: 9.900969027007612
  mean: 0.22433753033031237
  median: 0.15155758405283049
  min: 4.88744819615583e-05
  num_samples: 2655
  rmse: 0.5118087255576557
  std: 0.4600226560097321
trans:
  max: 0.16506236305636943
  mean: 0.007784224840585505
  median: 0.006343162603232783
  min: 0.0002603946284767794
  num_samples: 2655
  rmse: 0.011959625905901057
  std: 0.009079564716455919
