rot:
  max: 150.6465001037064
  mean: 87.14449512495386
  median: 87.71079364805536
  min: 42.86894116896488
  num_samples: 2735
  rmse: 88.21992232692266
  std: 13.73286804659404
scale:
  max: 42.68484616171665
  mean: 15.735511786171005
  median: 15.553699687502597
  min: 0.031836117208650094
  num_samples: 2735
  rmse: 17.682548544741984
  std: 8.06636174891943
trans:
  max: 1.0521970329316956
  mean: 0.3522592700175116
  median: 0.3456691339357401
  min: 0.04248060972538306
  num_samples: 2735
  rmse: 0.3914123455392871
  std: 0.17063713232264513
