rot:
  max: 151.90637852162214
  mean: 87.70728715924935
  median: 88.21358532724909
  min: 43.01341461959246
  num_samples: 2734
  rmse: 88.71182684411906
  std: 13.312400278910244
scale:
  max: 13.764841764018731
  mean: 7.5570741243051875
  median: 7.8601064341049245
  min: 0.022062647312548478
  num_samples: 2734
  rmse: 8.210300291837493
  std: 3.2093085800377286
trans:
  max: 0.3063688722807839
  mean: 0.1632726298324052
  median: 0.16658784218747844
  min: 0.03220712045609096
  num_samples: 2734
  rmse: 0.17128850676857532
  std: 0.05178610719699511
