rot:
  max: 180.00000000000128
  mean: 165.5290245899333
  median: 169.0976642283841
  min: 126.58836737190792
  num_samples: 2735
  rmse: 166.01515200913843
  std: 12.695381637531375
scale:
  max: 52.739096498028246
  mean: 21.026374369125346
  median: 21.30124200301642
  min: 0.01861255875783563
  num_samples: 2735
  rmse: 23.922313916876703
  std: 11.40914913685424
trans:
  max: 1.336261331754464
  mean: 0.4579028726604027
  median: 0.4302385167517532
  min: 0.025391726221985947
  num_samples: 2735
  rmse: 0.5083824560549917
  std: 0.22085669750735767
