rot:
  max: 179.9932097182483
  mean: 142.70010544088956
  median: 141.36263320620122
  min: 59.67110996159185
  num_samples: 2589
  rmse: 144.53264715497377
  std: 22.942667691076366
scale:
  max: 142.88062130480876
  mean: 1.2978583954672276
  median: 0.8634062550344268
  min: 0.0027495444240743794
  num_samples: 2589
  rmse: 5.311257341493589
  std: 5.150244473118222
trans:
  max: 3.532819603885807
  mean: 0.04326325777115347
  median: 0.03034391953113389
  min: 0.0020518927721101
  num_samples: 2589
  rmse: 0.15584039003789701
  std: 0.14971478782735725
