rot:
  max: 152.28598210107657
  mean: 86.19246563040588
  median: 88.21255410457714
  min: 36.9113619081235
  num_samples: 2751
  rmse: 87.20530402727665
  std: 13.252317496991262
scale:
  max: 83.48049534625453
  mean: 18.28605079646977
  median: 15.306748000603786
  min: 0.01646832014687849
  num_samples: 2751
  rmse: 24.330247090546393
  std: 16.04933860805388
trans:
  max: 1.0476955899612315
  mean: 0.3694794829186132
  median: 0.31101507955161883
  min: 0.027557041472066758
  num_samples: 2751
  rmse: 0.4339030470057096
  std: 0.2275011338499952
