rot:
  max: 152.2008189435707
  mean: 86.39129150322498
  median: 88.23418874740601
  min: 37.67514236017944
  num_samples: 2751
  rmse: 87.39510165904919
  std: 13.20789712256896
scale:
  max: 85.36454565879869
  mean: 17.80401182926759
  median: 14.776469914187585
  min: 0.010943119331396911
  num_samples: 2751
  rmse: 24.178424616957695
  std: 16.358892986421964
trans:
  max: 1.0378444289697915
  mean: 0.3370654641573932
  median: 0.2774189876932555
  min: 0.01624706072939085
  num_samples: 2751
  rmse: 0.40634246868598706
  std: 0.22693848225936325
