rot:
  max: 148.93715824019975
  mean: 90.6532878383603
  median: 89.46565277666296
  min: 39.00660142473071
  num_samples: 2676
  rmse: 91.69321406619446
  std: 13.770508701001358
scale:
  max: 36.00897337702831
  mean: 3.6795272743289402
  median: 2.4820848408022456
  min: 0.0034567296218313004
  num_samples: 2676
  rmse: 6.206510211375354
  std: 4.998184474524315
trans:
  max: 1.4665250695981387
  mean: 0.1652306905217243
  median: 0.10492818194814373
  min: 0.009484761384159917
  num_samples: 2676
  rmse: 0.28065430415887577
  std: 0.22686043584683677
