rot:
  max: 153.41968637389462
  mean: 87.23831723177078
  median: 88.04772591482802
  min: 41.25315364710266
  num_samples: 2676
  rmse: 88.23253850423563
  std: 13.208211743849384
scale:
  max: 10.882699249595973
  mean: 1.6045657702525435
  median: 1.3199997463512303
  min: 0.0013535020832122768
  num_samples: 2676
  rmse: 2.03793664627418
  std: 1.2564053737393488
trans:
  max: 0.18848264319771366
  mean: 0.06944308552468247
  median: 0.06661197259357096
  min: 0.006716372156564274
  num_samples: 2676
  rmse: 0.07404783954366806
  std: 0.025704871404005257
