rot:
  max: 152.46928723003433
  mean: 86.8496914631501
  median: 87.92572092652387
  min: 40.18143614562382
  num_samples: 2751
  rmse: 87.82750989359623
  std: 13.069146370952431
scale:
  max: 26.374248942336532
  mean: 4.755624797069327
  median: 2.978129066110813
  min: 0.005278811783826498
  num_samples: 2751
  rmse: 7.0986453432846455
  std: 5.270180120189071
trans:
  max: 0.36932024356829746
  mean: 0.1197839548274197
  median: 0.10054467283643327
  min: 0.009119925900788296
  num_samples: 2751
  rmse: 0.13973652069719383
  std: 0.07195901182242538
