rot:
  max: 146.9903094340243
  mean: 90.10676700126906
  median: 89.67192566476302
  min: 43.363967244023385
  num_samples: 2752
  rmse: 91.46447208163373
  std: 15.700961554980358
scale:
  max: 41.336780179481735
  mean: 17.656008321255428
  median: 17.805390493934702
  min: 0.05912669081313826
  num_samples: 2752
  rmse: 19.912716523689927
  std: 9.207695124872036
trans:
  max: 1.0798121143058925
  mean: 0.378632169946668
  median: 0.3716115545750714
  min: 0.022272002433518154
  num_samples: 2752
  rmse: 0.4265984714458563
  std: 0.19652973241069296
