rot:
  max: 179.99849969856282
  mean: 143.48614003848897
  median: 142.85264384249547
  min: 59.7962086765251
  num_samples: 2665
  rmse: 145.33527405716282
  std: 23.109943793220307
scale:
  max: 23.49002577850158
  mean: 0.4477511668417704
  median: 0.24033865926168518
  min: 3.521132607708921e-05
  num_samples: 2665
  rmse: 1.5741273598325014
  std: 1.5091043163297462
trans:
  max: 0.4996085599854523
  mean: 0.01379303796111671
  median: 0.00956827934522637
  min: 0.001003124463550953
  num_samples: 2665
  rmse: 0.03558283386812006
  std: 0.03280076477598392
