rot:
  max: 153.60704297104732
  mean: 87.28175298156064
  median: 88.01458146019803
  min: 40.92511927564017
  num_samples: 2676
  rmse: 88.2908805021558
  std: 13.31071659647839
scale:
  max: 5.280405416619194
  mean: 1.5402669757359235
  median: 1.310164316341178
  min: 0.00033294350468837663
  num_samples: 2676
  rmse: 1.9220727780733324
  std: 1.1497571081179923
trans:
  max: 0.13811890016684636
  mean: 0.06821150385932456
  median: 0.06618904561378376
  min: 0.0030798640650506665
  num_samples: 2676
  rmse: 0.07228578979629136
  std: 0.023925428893187595
