rot:
  max: 179.97740311570033
  mean: 143.46109126617696
  median: 142.87816894960238
  min: 59.82199008761087
  num_samples: 2665
  rmse: 145.3055821373383
  std: 23.07872381628548
scale:
  max: 13.386596180742384
  mean: 0.546411524513468
  median: 0.3806365221233565
  min: 0.00026439569843494937
  num_samples: 2665
  rmse: 0.8776180204897397
  std: 0.686766216238975
trans:
  max: 0.28439483699409646
  mean: 0.016845984130369918
  median: 0.014315693655188663
  min: 0.0001449334941459339
  num_samples: 2665
  rmse: 0.021821592550895552
  std: 0.01387064238370473
