rot:
  max: 179.99699955408138
  mean: 169.06125284248162
  median: 171.73186474301048
  min: 135.4356072724608
  num_samples: 2671
  rmse: 169.31313046463234
  std: 9.231951855598552
scale:
  max: 10.496400651957781
  mean: 0.2645999967701506
  median: 0.17287404828691955
  min: 0.00012294145667057776
  num_samples: 2671
  rmse: 0.5592680858599923
  std: 0.4927145558746326
trans:
  max: 0.22420190057251427
  mean: 0.007928355049525456
  median: 0.005925528415095875
  min: 0.0003495721488288191
  num_samples: 2671
  rmse: 0.013162081460596855
  std: 0.010506263588167367
