rot:
  max: 179.9874267929689
  mean: 144.09284841164606
  median: 143.29964190201162
  min: 60.93180323734263
  num_samples: 2654
  rmse: 145.86863738232438
  std: 22.691637411046806
scale:
  max: 6.079042588558958
  mean: 0.37714339422130777
  median: 0.26828299241573594
  min: 2.238812055743722e-05
  num_samples: 2654
  rmse: 0.5484793173666066
  std: 0.3982366404214584
trans:
  max: 0.11600198483647481
  mean: 0.012557491229351125
  median: 0.010621505940639556
  min: 0.0006303483452805179
  num_samples: 2654
  rmse: 0.015165602951172147
  std: 0.008503230380118531
