rot:
  max: 153.57469906621668
  mean: 88.53847974872035
  median: 88.90488119138212
  min: 43.47610803662465
  num_samples: 2734
  rmse: 89.55148075348649
  std: 13.431504343426926
scale:
  max: 16.14925262277169
  mean: 9.30308131158474
  median: 10.399456062878427
  min: 0.0021479249224465313
  num_samples: 2734
  rmse: 10.05273878805802
  std: 3.8092302701423617
trans:
  max: 0.33665693976959393
  mean: 0.1835664432648533
  median: 0.1838576506508559
  min: 0.041905264892242555
  num_samples: 2734
  rmse: 0.19209270733835418
  std: 0.05659477996838597
