rot:
  max: 151.10678423043734
  mean: 90.9125019903191
  median: 89.33959518482145
  min: 40.24152502649878
  num_samples: 2678
  rmse: 91.88991842957809
  std: 13.366902814591356
scale:
  max: 32.13847850793506
  mean: 3.3865487514152184
  median: 2.259290074919962
  min: 2.9612837759707134e-05
  num_samples: 2678
  rmse: 5.613822674126887
  std: 4.477308630285522
trans:
  max: 1.849456255865002
  mean: 0.18976940324988767
  median: 0.11846850615633969
  min: 0.009602860462845073
  num_samples: 2678
  rmse: 0.3321598892686155
  std: 0.2726128493470556
