rot:
  max: 179.99605762064616
  mean: 169.02266065134322
  median: 171.66235124961065
  min: 135.44527969633688
  num_samples: 2673
  rmse: 169.27617653085562
  std: 9.260892356906936
scale:
  max: 19.896917576971184
  mean: 0.36080480904695733
  median: 0.202288924905214
  min: 2.211170453403355e-05
  num_samples: 2673
  rmse: 1.1572919980611092
  std: 1.0996111396966037
trans:
  max: 0.3798429946963192
  mean: 0.010128401451579302
  median: 0.007315844021329259
  min: 0.000382285125584867
  num_samples: 2673
  rmse: 0.02387913363424322
  std: 0.021624719816859886
