rot:
  max: 179.99904297568878
  mean: 168.9834669314978
  median: 171.60026348308241
  min: 135.39168332625243
  num_samples: 2672
  rmse: 169.23827200214373
  std: 9.283351446701767
scale:
  max: 3.249640843481294
  mean: 0.4525079557927155
  median: 0.30814720069353707
  min: 0.00015027582430660047
  num_samples: 2672
  rmse: 0.6458411201199908
  std: 0.4608115692798337
trans:
  max: 0.0653158155609003
  mean: 0.013874849010334268
  median: 0.011129457627521305
  min: 0.0007840824981401312
  num_samples: 2672
  rmse: 0.01704241035581859
  std: 0.009896075771564154
