rot:
  max: 150.4934996010257
  mean: 90.31191264454952
  median: 89.04550559676338
  min: 40.15944215292779
  num_samples: 2676
  rmse: 91.34599962915105
  std: 13.705841190241223
scale:
  max: 126.73638326470815
  mean: 18.76182732004053
  median: 17.09264720325129
  min: 0.036550943169388894
  num_samples: 2676
  rmse: 25.846639970363746
  std: 17.77758795142314
trans:
  max: 2.6358457156503423
  mean: 0.6403230047993407
  median: 0.6098712062656687
  min: 0.022861781682781634
  num_samples: 2676
  rmse: 0.7620526228194919
  std: 0.41317145287496365
