rot:
  max: 179.99761007170963
  mean: 168.98924351767175
  median: 171.54199362542067
  min: 135.38975561001348
  num_samples: 2673
  rmse: 169.24199138110146
  std: 9.245930021681483
scale:
  max: 23.766936689800833
  mean: 0.48042702477633603
  median: 0.26103687740146597
  min: 0.0002375164168233468
  num_samples: 2673
  rmse: 1.710271100915838
  std: 1.6414070526509967
trans:
  max: 0.5089812633451125
  mean: 0.013160843631741198
  median: 0.008124226702797192
  min: 0.0001449548105104986
  num_samples: 2673
  rmse: 0.03872542089494369
  std: 0.0364204670259924
