rot:
  max: 151.5289827336733
  mean: 87.48363072902677
  median: 88.28593125375951
  min: 43.204034528445305
  num_samples: 2735
  rmse: 88.51201265227344
  std: 13.453279831457161
scale:
  max: 32.55874813690037
  mean: 12.997694727361827
  median: 12.632619732406635
  min: 0.016062963436591637
  num_samples: 2735
  rmse: 14.537765435191018
  std: 6.512031604879133
trans:
  max: 0.7610852314533524
  mean: 0.2898924667011064
  median: 0.2756803544773066
  min: 0.03306832693709626
  num_samples: 2735
  rmse: 0.3192684423915643
  std: 0.13377105836870495
