rot:
  max: 151.89087531786686
  mean: 86.95184489655398
  median: 87.69755857849174
  min: 41.192733176349066
  num_samples: 2734
  rmse: 87.93415550579691
  std: 13.106958976180339
scale:
  max: 7.854210829413944
  mean: 2.485343247467032
  median: 2.413780348510408
  min: 0.00046994482267859183
  num_samples: 2734
  rmse: 2.9727142143746477
  std: 1.6309809142399996
trans:
  max: 0.25872198676858754
  mean: 0.09061590077237969
  median: 0.08755283644238912
  min: 0.008915189799406302
  num_samples: 2734
  rmse: 0.0976285861824145
  std: 0.03633317171934461
