rot:
  max: 179.98968446970116
  mean: 144.08339330438855
  median: 143.33393112998195
  min: 60.98279360439255
  num_samples: 2654
  rmse: 145.85894256355402
  std: 22.68935652791873
scale:
  max: 10.026842426704963
  mean: 0.406080288779084
  median: 0.28041353868016317
  min: 0.00017090111241735428
  num_samples: 2654
  rmse: 0.6518406307320839
  std: 0.5098970552359533
trans:
  max: 0.20740072763421036
  mean: 0.013600158699592158
  median: 0.011064096374118145
  min: 0.0005838049669102509
  num_samples: 2654
  rmse: 0.017383337909879316
  std: 0.010826639378632427
