rot:
  max: 179.99416942467116
  mean: 168.99190783079752
  median: 171.60105600127164
  min: 134.9461919221513
  num_samples: 2672
  rmse: 169.24576984032785
  std: 9.266374509618197
scale:
  max: 3.343424436860154
  mean: 0.49272738249693715
  median: 0.33789051676617055
  min: 1.4067434794817757e-05
  num_samples: 2672
  rmse: 0.6987543328791559
  std: 0.4954567027047995
trans:
  max: 0.08443728359592875
  mean: 0.014821313193793845
  median: 0.012236780571318828
  min: 0.0003232814989314245
  num_samples: 2672
  rmse: 0.017878159642971212
  std: 0.00999786314324405
