rot:
  max: 151.83621546755091
  mean: 86.5303946633614
  median: 88.0302757354722
  min: 38.5419695810851
  num_samples: 2751
  rmse: 87.51973380427569
  std: 13.122294181056962
scale:
  max: 59.25796883355314
  mean: 11.831685223097868
  median: 8.853441261784544
  min: 0.017587116318096285
  num_samples: 2751
  rmse: 16.5992023194815
  std: 11.642368419896682
trans:
  max: 0.7506577750324248
  mean: 0.23142159658406913
  median: 0.1879400678059577
  min: 0.022347382881384277
  num_samples: 2751
  rmse: 0.2830911470636911
  std: 0.16304797508806018
