rot:
  max: 179.9971470265379
  mean: 169.04679382683517
  median: 171.68605215474454
  min: 135.53983167951287
  num_samples: 2671
  rmse: 169.29955565096745
  std: 9.247758673455326
scale:
  max: 17.769709020271694
  mean: 0.2933889437388763
  median: 0.16858175301179834
  min: 0.0001713192894992055
  num_samples: 2671
  rmse: 0.8599762160188215
  std: 0.8083823475372504
trans:
  max: 0.373144715436595
  mean: 0.009004125448205351
  median: 0.006328817660026712
  min: 0.00024078004648123873
  num_samples: 2671
  rmse: 0.01918798585664774
  std: 0.016944159056969884
