rot:
  max: 179.9825988934064
  mean: 163.38940407927768
  median: 165.97380515481092
  min: 109.80582657805974
  num_samples: 2736
  rmse: 163.83492925133544
  std: 12.074215395154681
scale:
  max: 52.00564883514911
  mean: 18.202945145951645
  median: 17.900201631327988
  min: 0.018263671782925428
  num_samples: 2736
  rmse: 21.107795646372335
  std: 10.686057507916116
trans:
  max: 2.0098960316152406
  mean: 0.8525699988637911
  median: 0.8629305337031425
  min: 0.047744325711241195
  num_samples: 2736
  rmse: 0.9403195821196153
  std: 0.39664255136710097
