rot:
  max: 180.0000000000001
  mean: 168.88790227309508
  median: 171.5144779142546
  min: 135.49268883905015
  num_samples: 2676
  rmse: 169.14569608088203
  std: 9.335039822065125
scale:
  max: 42.05734533670622
  mean: 1.769985012319444
  median: 1.0761742572332533
  min: 0.0010520282240022993
  num_samples: 2676
  rmse: 3.2807125143445823
  std: 2.7622866719335373
trans:
  max: 1.7691377244603714
  mean: 0.08521925536572053
  median: 0.04657417481821638
  min: 0.011775291908648705
  num_samples: 2676
  rmse: 0.19520478817018613
  std: 0.17562057920266497
