rot:
  max: 153.83749419109012
  mean: 87.30449679982378
  median: 88.11238103851315
  min: 40.617363414696065
  num_samples: 2672
  rmse: 88.32433007848505
  std: 13.383277712980078
scale:
  max: 7.562683684021798
  mean: 1.711619229529415
  median: 1.4763970698732642
  min: 0.0001547735448137466
  num_samples: 2672
  rmse: 2.1316612536494106
  std: 1.2705665324631006
trans:
  max: 0.1568392405722287
  mean: 0.07051805348408795
  median: 0.06765760891609268
  min: 0.009951582840372083
  num_samples: 2672
  rmse: 0.07515845440960296
  std: 0.025999950039484326
