rot:
  max: 179.98606094307348
  mean: 144.11530835922585
  median: 143.3160214947448
  min: 60.967643354832255
  num_samples: 2655
  rmse: 145.88994767047257
  std: 22.686002905282514
scale:
  max: 6.83286260557987
  mean: 0.23036487268280123
  median: 0.17825403415683283
  min: 0.00011898212275429643
  num_samples: 2655
  rmse: 0.36040639963307586
  std: 0.2771728672332723
trans:
  max: 0.15789598610937605
  mean: 0.00805575657821513
  median: 0.006836347730636122
  min: 0.00034057524795031433
  num_samples: 2655
  rmse: 0.010129103443638342
  std: 0.00614031941550844
