rot:
  max: 153.54030337665645
  mean: 87.25246119528072
  median: 88.05402345786061
  min: 40.80897566405528
  num_samples: 2675
  rmse: 88.25820535128676
  std: 13.286038807558304
scale:
  max: 13.11573522144538
  mean: 1.551965439352463
  median: 1.2830706234074563
  min: 8.952997564426468e-05
  num_samples: 2675
  rmse: 1.9558643394025736
  std: 1.1902976893206967
trans:
  max: 0.26611385433300494
  mean: 0.06989283146484136
  median: 0.06744154736998975
  min: 0.005886254282209946
  num_samples: 2675
  rmse: 0.07390951372981694
  std: 0.024033483509580397
