rot:
  max: 153.27033171847003
  mean: 88.0370457096195
  median: 88.23249241574754
  min: 42.7306508578661
  num_samples: 2738
  rmse: 89.03170055729281
  std: 13.271107220041461
scale:
  max: 12.799445503917761
  mean: 5.6004539072532316
  median: 5.525241376740064
  min: 0.019947311989976235
  num_samples: 2738
  rmse: 6.343479261486647
  std: 2.9790342686251945
trans:
  max: 0.2987135086066573
  mean: 0.1271694275215989
  median: 0.12055857569868672
  min: 0.01918093820095894
  num_samples: 2738
  rmse: 0.1378168479655558
  std: 0.053117043281699555
