rot:
  max: 179.99594325199965
  mean: 168.57182999061416
  median: 170.98162250635698
  min: 130.4040879033692
  num_samples: 2736
  rmse: 168.83283406858885
  std: 9.384241751319525
scale:
  max: 45.373217973376136
  mean: 17.457040722907387
  median: 17.47993159268654
  min: 0.006060727748813388
  num_samples: 2736
  rmse: 20.335259782425034
  std: 10.429502366722327
trans:
  max: 1.6054013197445467
  mean: 0.5740465197997721
  median: 0.44579947988439883
  min: 0.04410127486473572
  num_samples: 2736
  rmse: 0.654179320532942
  std: 0.31372149514929887
