rot:
  max: 179.98620784247
  mean: 168.94703840051932
  median: 171.48375997150958
  min: 135.21386114650315
  num_samples: 2676
  rmse: 169.1998106002477
  std: 9.245221622715615
scale:
  max: 25.583740758580078
  mean: 1.3521458441275471
  median: 0.7772550625785801
  min: 0.0008578351539112461
  num_samples: 2676
  rmse: 3.128715270135313
  std: 2.8214465895682768
trans:
  max: 1.5233414148418432
  mean: 0.06058647449693158
  median: 0.032021083030754155
  min: 0.0017590204537225101
  num_samples: 2676
  rmse: 0.14011915795444813
  std: 0.12634341112181594
