rot:
  max: 149.67732227723403
  mean: 87.66624735932169
  median: 87.77002858800198
  min: 43.712644596472934
  num_samples: 2735
  rmse: 88.78580346877197
  std: 14.05517596935829
scale:
  max: 44.145994214051775
  mean: 19.19723012901676
  median: 19.78463834804469
  min: 0.0021663548567696367
  num_samples: 2735
  rmse: 21.47543819471154
  std: 9.626048048313827
trans:
  max: 1.2463831308379227
  mean: 0.4686983795663899
  median: 0.4428537026192891
  min: 0.03037016350637735
  num_samples: 2735
  rmse: 0.5174269893074753
  std: 0.2192088462075348
