rot:
  max: 153.90034368869752
  mean: 86.0560331858369
  median: 88.4423768289778
  min: 34.300771029396465
  num_samples: 2735
  rmse: 87.15265977433677
  std: 13.782062910154373
scale:
  max: 98.11207340160553
  mean: 23.262133342964553
  median: 19.367244844537257
  min: 0.04890912096870981
  num_samples: 2735
  rmse: 29.630403456357318
  std: 18.353036841913866
trans:
  max: 1.3075218006451748
  mean: 0.5092507023090755
  median: 0.437465751891639
  min: 0.08247789367236291
  num_samples: 2735
  rmse: 0.5725962586989173
  std: 0.26178272989964546
