rot:
  max: 153.62146330690433
  mean: 87.33517027323113
  median: 88.12757035913873
  min: 40.78082291720155
  num_samples: 2672
  rmse: 88.35072498422159
  std: 13.357343994344706
scale:
  max: 8.189536681640774
  mean: 1.594634922716832
  median: 1.376714997520806
  min: 0.0015430018475592888
  num_samples: 2672
  rmse: 1.9977086364816656
  std: 1.2033200985296129
trans:
  max: 0.18804239991649607
  mean: 0.06997133503666085
  median: 0.06762723330923887
  min: 0.006915392505344582
  num_samples: 2672
  rmse: 0.07418192153459113
  std: 0.02463675619377676
