rot:
  max: 151.7966294602096
  mean: 87.01308748032298
  median: 87.75087805028161
  min: 41.27830533799769
  num_samples: 2734
  rmse: 87.99717268045727
  std: 13.12345255243012
scale:
  max: 7.036221112700913
  mean: 2.527832456790259
  median: 2.340520685887515
  min: 0.0002285306842875201
  num_samples: 2734
  rmse: 3.045966751016094
  std: 1.6994047542281554
trans:
  max: 0.25552607751870765
  mean: 0.09202308971763637
  median: 0.09162580588686273
  min: 0.006777617799211225
  num_samples: 2734
  rmse: 0.09963165345603221
  std: 0.03818661191049457
