rot:
  max: 179.99944152979154
  mean: 169.02114772113316
  median: 171.65301022401522
  min: 135.55375464078594
  num_samples: 2670
  rmse: 169.2745145970298
  std: 9.258126975309867
scale:
  max: 1.9529510789948912
  mean: 0.2620056449480258
  median: 0.20073840501771967
  min: 2.7532501833960055e-06
  num_samples: 2670
  rmse: 0.34967857742008057
  std: 0.23157752378393742
trans:
  max: 0.0418355313806694
  mean: 0.008276277085797363
  median: 0.007305204272830862
  min: 0.0004269596785782511
  num_samples: 2670
  rmse: 0.009747035990162224
  std: 0.005148587009328185
