rot:
  max: 151.8251302531637
  mean: 87.54980644668159
  median: 88.05206447104737
  min: 42.72419827549286
  num_samples: 2751
  rmse: 88.57446621363451
  std: 13.433817632336718
scale:
  max: 24.522399169340225
  mean: 9.519734008842002
  median: 9.25166184549222
  min: 0.0032145672756778154
  num_samples: 2751
  rmse: 10.699805832743
  std: 4.884722024772564
trans:
  max: 0.6101692634837161
  mean: 0.21153178293736657
  median: 0.20639150309531426
  min: 0.024762263799912056
  num_samples: 2751
  rmse: 0.23404849335083971
  std: 0.1001648743179805
