rot:
  max: 179.99655928524209
  mean: 144.0272056401764
  median: 143.2528889499642
  min: 60.95169985298153
  num_samples: 2652
  rmse: 145.8033880434955
  std: 22.689028195242063
scale:
  max: 57.23216053760272
  mean: 0.761887087830164
  median: 0.48530958267862245
  min: 0.00018220053383810608
  num_samples: 2652
  rmse: 2.4208942987472706
  std: 2.297881039371864
trans:
  max: 1.2586391677791995
  mean: 0.022217161911366974
  median: 0.016992751913842773
  min: 0.000662792666239647
  num_samples: 2652
  rmse: 0.056284393504618314
  std: 0.05171393109005376
