rot:
  max: 152.09964591191755
  mean: 86.84672249466584
  median: 87.90874753733027
  min: 40.31405947972047
  num_samples: 2751
  rmse: 87.82412470254772
  std: 13.066126882253728
scale:
  max: 21.741332044763805
  mean: 3.9468802728938175
  median: 2.4038469356876035
  min: 0.001056649198072357
  num_samples: 2751
  rmse: 5.904109116016226
  std: 4.390972621785239
trans:
  max: 0.3061193352521371
  mean: 0.10103862428322492
  median: 0.08291661367576465
  min: 0.008172603019040332
  num_samples: 2751
  rmse: 0.11846618111724357
  std: 0.06185008060994649
