rot:
  max: 153.62967216257832
  mean: 87.30593194898204
  median: 88.0704267450247
  min: 40.71292289749637
  num_samples: 2677
  rmse: 88.3182023596271
  std: 13.333383462412243
scale:
  max: 5.631484330395575
  mean: 1.6032775027164863
  median: 1.3467814847064385
  min: 0.0004892500040654113
  num_samples: 2677
  rmse: 1.9953339012190665
  std: 1.1877957007151037
trans:
  max: 0.141951999009964
  mean: 0.06922712391837836
  median: 0.0670945010331438
  min: 0.007303266437954331
  num_samples: 2677
  rmse: 0.07348614687032536
  std: 0.024653987422656686
