rot:
  max: 153.92336698260021
  mean: 86.03613335030707
  median: 88.2458058615046
  min: 34.880274007559635
  num_samples: 2752
  rmse: 87.10910832432909
  std: 13.630132471398577
scale:
  max: 103.25255293985514
  mean: 23.84163471786904
  median: 19.44874263855223
  min: 0.04797228528634623
  num_samples: 2752
  rmse: 30.586787674524224
  std: 19.160585435370386
trans:
  max: 1.324085610148024
  mean: 0.5034343270817863
  median: 0.4224773664258046
  min: 0.058030979014921276
  num_samples: 2752
  rmse: 0.5700624767564886
  std: 0.26744178005960717
