rot:
  max: 179.98726291823033
  mean: 168.05318484178306
  median: 170.41062196796236
  min: 123.76775919436454
  num_samples: 2736
  rmse: 168.3232460988505
  std: 9.531119650263964
scale:
  max: 62.985035350434075
  mean: 15.630581331552335
  median: 13.564292754939055
  min: 0.00021139320227625547
  num_samples: 2736
  rmse: 19.26317066978249
  std: 11.258537715480472
trans:
  max: 1.6481732561868405
  mean: 0.6286117493844476
  median: 0.6027472475692286
  min: 0.022669430866694238
  num_samples: 2736
  rmse: 0.6918805499156128
  std: 0.2890431868897016
