rot:
  max: 151.9850892741675
  mean: 87.50201695626868
  median: 88.01275675058736
  min: 42.45954250683464
  num_samples: 2738
  rmse: 88.49763772603643
  std: 13.237405775818099
scale:
  max: 9.121359000107798
  mean: 3.479902946918241
  median: 3.439912309183052
  min: 0.0019029580219931397
  num_samples: 2738
  rmse: 3.987201373611615
  std: 1.9462914154257849
trans:
  max: 0.20093116073093042
  mean: 0.09156531048714892
  median: 0.0889361434664141
  min: 0.014522976154072201
  num_samples: 2738
  rmse: 0.09704638963023252
  std: 0.032152692821207425
