rot:
  max: 150.62090691147858
  mean: 87.03824144644271
  median: 87.66061411080877
  min: 42.74160040595911
  num_samples: 2735
  rmse: 88.07814227159352
  std: 13.494579353421972
scale:
  max: 37.30397592503775
  mean: 14.363504925003259
  median: 14.19055412468423
  min: 0.04565471364521567
  num_samples: 2735
  rmse: 16.125587850445303
  std: 7.329686882250567
trans:
  max: 0.8354182690319747
  mean: 0.31227596432757376
  median: 0.2991295217560258
  min: 0.036739703130264284
  num_samples: 2735
  rmse: 0.3441431475882679
  std: 0.14463135253202952
