rot:
  max: 179.9929549951757
  mean: 169.02960537791233
  median: 171.69337433332794
  min: 135.70960009737172
  num_samples: 2670
  rmse: 169.283648167791
  std: 9.270708860904135
scale:
  max: 7.4956758473258
  mean: 0.4276097936200521
  median: 0.28244455802498014
  min: 6.179251175186806e-05
  num_samples: 2670
  rmse: 0.6741167315444689
  std: 0.5211364813063994
trans:
  max: 0.16196030758516514
  mean: 0.01258451291282976
  median: 0.008592023303306207
  min: 0.0003180894122681246
  num_samples: 2670
  rmse: 0.019161677186584507
  std: 0.014449910288638252
