rot:
  max: 149.1986612282193
  mean: 87.56874751999533
  median: 88.75427992286757
  min: 32.316152329442176
  num_samples: 2678
  rmse: 88.68204297988072
  std: 14.007826557489691
scale:
  max: 57.11723607895631
  mean: 9.82031078704152
  median: 7.823373066647433
  min: 0.005011914950159291
  num_samples: 2678
  rmse: 12.648550506706805
  std: 7.971657667425831
trans:
  max: 2.7252907828638655
  mean: 0.4375927538250578
  median: 0.3958467066008406
  min: 0.03470988499177392
  num_samples: 2678
  rmse: 0.5241282295725297
  std: 0.28848393860774346
