rot:
  max: 151.80892292486578
  mean: 87.04186707681448
  median: 87.98171429126337
  min: 40.69324158554476
  num_samples: 2735
  rmse: 88.0273883544224
  std: 13.135237960633855
scale:
  max: 19.263290255079802
  mean: 4.157335287764001
  median: 2.8364419680887654
  min: 0.001442899254999741
  num_samples: 2735
  rmse: 5.8240720017574725
  std: 4.078771627189674
trans:
  max: 0.2935231177453877
  mean: 0.1186180758430134
  median: 0.10236942384984722
  min: 0.014960917228389435
  num_samples: 2735
  rmse: 0.13048439595258435
  std: 0.05436846209349613
