rot:
  max: 179.99303919915351
  mean: 168.98027558853357
  median: 171.66636206318603
  min: 135.6634700700155
  num_samples: 2672
  rmse: 169.23600455804018
  std: 9.300091439992052
scale:
  max: 6.025270188613829
  mean: 0.48367775135496
  median: 0.3400935454492493
  min: 0.0001503190561469303
  num_samples: 2672
  rmse: 0.6879955072045799
  std: 0.48927870460290357
trans:
  max: 0.15395580450540813
  mean: 0.01572352324652983
  median: 0.012550295100487332
  min: 0.0004045248081965766
  num_samples: 2672
  rmse: 0.020028114773792842
  std: 0.012405490643584207
