rot:
  max: 179.97710138623205
  mean: 144.06677097074177
  median: 143.27161108079403
  min: 60.93308689195528
  num_samples: 2654
  rmse: 145.84282772415452
  std: 22.691317736994122
scale:
  max: 11.910573125018775
  mean: 0.35138781023865434
  median: 0.24334144529691848
  min: 0.00018811219217873543
  num_samples: 2654
  rmse: 0.6163816471185785
  std: 0.5064118301543672
trans:
  max: 0.2409280105445725
  mean: 0.011204270340419653
  median: 0.009330756646116593
  min: 0.00038476774823399657
  num_samples: 2654
  rmse: 0.015189239399898951
  std: 0.010255599430858981
