rot:
  max: 179.9966147590617
  mean: 144.03160250855075
  median: 143.2849529764385
  min: 60.82003474345119
  num_samples: 2654
  rmse: 145.81060110826868
  std: 22.70746296646731
scale:
  max: 62.38555926507849
  mean: 0.53307510483058
  median: 0.3536427239532347
  min: 0.00013924529441711186
  num_samples: 2654
  rmse: 1.8311427833927874
  std: 1.7518318486034385
trans:
  max: 1.243389588182615
  mean: 0.016647683572975504
  median: 0.01342725288810769
  min: 0.0002643948470959097
  num_samples: 2654
  rmse: 0.03880862976646621
  std: 0.03505658819686719
