rot:
  max: 179.99760361958295
  mean: 143.98826400087322
  median: 143.1936659848619
  min: 60.75722948046628
  num_samples: 2654
  rmse: 145.77728427699333
  std: 22.768321000683773
scale:
  max: 24.323547103486042
  mean: 0.6587150307502595
  median: 0.4061772300819111
  min: 0.00019112485531991297
  num_samples: 2654
  rmse: 1.6900006885798438
  std: 1.5563408481640633
trans:
  max: 0.5191427479256109
  mean: 0.021134322956939008
  median: 0.015428745230390683
  min: 0.00041567862896630927
  num_samples: 2654
  rmse: 0.04033715381526101
  std: 0.03435733358495426
