rot:
  max: 179.99862902625782
  mean: 169.02144347665492
  median: 171.68491049843104
  min: 135.63155377502702
  num_samples: 2670
  rmse: 169.27509724903575
  std: 9.263379174924236
scale:
  max: 3.1083828637633593
  mean: 0.3399967400316761
  median: 0.24637700728354917
  min: 1.4279397309024944e-05
  num_samples: 2670
  rmse: 0.500364094037948
  std: 0.3671054935168492
trans:
  max: 0.08330181919852503
  mean: 0.010271495874579987
  median: 0.007972665230867426
  min: 0.0006344392262873467
  num_samples: 2670
  rmse: 0.013903820540135578
  std: 0.009370837641896392
