rot:
  max: 152.0885291042942
  mean: 87.04385358834614
  median: 87.79681768445326
  min: 41.24363978463891
  num_samples: 2738
  rmse: 88.02582154314798
  std: 13.111552571556938
scale:
  max: 5.207563506992319
  mean: 1.6209638390592123
  median: 1.4600808601469728
  min: 0.00024353153371681202
  num_samples: 2738
  rmse: 1.9665567998881908
  std: 1.1134728912950234
trans:
  max: 0.19497426193217626
  mean: 0.06855366690991965
  median: 0.06328736251917938
  min: 0.003927679376990502
  num_samples: 2738
  rmse: 0.07592725397530992
  std: 0.03263958715172422
