rot:
  max: 150.55804663878328
  mean: 87.57766904454473
  median: 88.2133393368156
  min: 42.70914916062964
  num_samples: 2735
  rmse: 88.62500175227794
  std: 13.584653853353982
scale:
  max: 37.528368979302286
  mean: 14.590522255108255
  median: 14.21965515802336
  min: 0.020568377926921677
  num_samples: 2735
  rmse: 16.58251958433795
  std: 7.8801406134752945
trans:
  max: 0.9706713085065966
  mean: 0.34986531149977274
  median: 0.3370046293991823
  min: 0.05174077487568752
  num_samples: 2735
  rmse: 0.38751352317918064
  std: 0.16661630909340325
