rot:
  max: 151.86789123958243
  mean: 86.78998790256225
  median: 87.95005693705123
  min: 39.638953395690784
  num_samples: 2735
  rmse: 87.7745023333848
  std: 13.109586558944862
scale:
  max: 35.25646483907114
  mean: 6.786905570896678
  median: 4.829574008512827
  min: 0.0010336835019386648
  num_samples: 2735
  rmse: 9.849940248346824
  std: 7.138573783868472
trans:
  max: 0.4574266065902065
  mean: 0.15526375321105304
  median: 0.1228068825877928
  min: 0.008347124393161981
  num_samples: 2735
  rmse: 0.18352454741734753
  std: 0.09784899817350928
