rot:
  max: 153.09717371481483
  mean: 86.34926463071406
  median: 88.47286448982796
  min: 35.86147520130254
  num_samples: 2751
  rmse: 87.3734957285017
  std: 13.33912491707797
scale:
  max: 88.8198277051998
  mean: 19.52641077773267
  median: 16.454158934578423
  min: 0.00535925355233946
  num_samples: 2751
  rmse: 25.815865253187898
  std: 16.887219454664518
trans:
  max: 1.11475194532937
  mean: 0.39458692901093856
  median: 0.33956148105307415
  min: 0.019394059618397925
  num_samples: 2751
  rmse: 0.4586227490268076
  std: 0.2337434092731228
