rot:
  max: 152.21820367876165
  mean: 86.94615961769009
  median: 88.08675817461334
  min: 40.09890476153203
  num_samples: 2751
  rmse: 87.92638586342541
  std: 13.092542103775594
scale:
  max: 36.88042049048228
  mean: 6.883949915517602
  median: 4.815248938371896
  min: 0.00015577290193302673
  num_samples: 2751
  rmse: 10.016203501264034
  std: 7.275683207739264
trans:
  max: 0.45061435632686647
  mean: 0.14795265244562206
  median: 0.12091177699439874
  min: 0.0069580424593844795
  num_samples: 2751
  rmse: 0.17865707794034677
  std: 0.1001417202393095
