rot:
  max: 151.74612260631625
  mean: 85.87277737936816
  median: 86.93446521885292
  min: 39.93253181160091
  num_samples: 2752
  rmse: 86.87260677741077
  std: 13.142142650880103
scale:
  max: 34.470071039560835
  mean: 11.076852582612998
  median: 10.141071047254641
  min: 0.0035615088856744137
  num_samples: 2752
  rmse: 13.303825290710847
  std: 7.368521169733936
trans:
  max: 1.2687067539141088
  mean: 0.44615938427090096
  median: 0.3446967347297947
  min: 0.08923717772105043
  num_samples: 2752
  rmse: 0.5089032818044562
  std: 0.24479451394660928
