rot:
  max: 179.9948261716351
  mean: 143.44679887385027
  median: 142.81842626176183
  min: 59.74055844376499
  num_samples: 2665
  rmse: 145.29335592323787
  std: 23.09058613985005
scale:
  max: 9.21572440252223
  mean: 0.2885464899312993
  median: 0.20479163152522517
  min: 6.059712929218364e-05
  num_samples: 2665
  rmse: 0.5034583597783233
  std: 0.4125666530137964
trans:
  max: 0.20794787684314586
  mean: 0.009566752919306558
  median: 0.00808671910572245
  min: 0.00034881478154679925
  num_samples: 2665
  rmse: 0.013360787820623148
  std: 0.009326729853954784
