rot:
  max: 152.15034681500595
  mean: 86.68355911593282
  median: 88.14501054939122
  min: 39.26852368882504
  num_samples: 2751
  rmse: 87.67042892841984
  std: 13.117343004118517
scale:
  max: 55.039023340663306
  mean: 10.575056109414977
  median: 7.848894955644248
  min: 0.0014705188840391514
  num_samples: 2751
  rmse: 15.177438762799255
  std: 10.886819355589873
trans:
  max: 0.6860132179147533
  mean: 0.21595258877353607
  median: 0.1770839342096452
  min: 0.005902240240911895
  num_samples: 2751
  rmse: 0.2604964515060359
  std: 0.14568074906879286
