rot:
  max: 151.98686959132434
  mean: 87.314913543404
  median: 87.88171463391335
  min: 41.57181115616094
  num_samples: 2734
  rmse: 88.30650553866482
  std: 13.196393195040704
scale:
  max: 7.232301612223646
  mean: 2.4966429675345014
  median: 2.3143672347818276
  min: 0.003377371919388583
  num_samples: 2734
  rmse: 2.9727509930878893
  std: 1.6136983483803753
trans:
  max: 0.2430993896130994
  mean: 0.08654919893141715
  median: 0.08133058865657461
  min: 0.009117374689150628
  num_samples: 2734
  rmse: 0.09340017192485804
  std: 0.03511165447430565
