rot:
  max: 179.97925094841122
  mean: 142.01456910623307
  median: 142.27092875573408
  min: 65.02616096779987
  num_samples: 2617
  rmse: 143.70751017866402
  std: 21.99342272866458
scale:
  max: 96.16398889152084
  mean: 0.7265203533052502
  median: 0.45702173569810434
  min: 0.00026254730984831554
  num_samples: 2617
  rmse: 3.6416846927531283
  std: 3.5684780478049203
trans:
  max: 3.163567128311568
  mean: 0.025202871922713282
  median: 0.01535179233795411
  min: 0.0012232830379586888
  num_samples: 2617
  rmse: 0.12192161928997781
  std: 0.11928829153415506
