rot:
  max: 152.11238096146937
  mean: 87.05288511712199
  median: 87.77539148555852
  min: 40.808349624202144
  num_samples: 2735
  rmse: 88.03927270875431
  std: 13.14186942073205
scale:
  max: 14.007913184373798
  mean: 3.382147066602207
  median: 2.7901385731558204
  min: 0.000175158614823534
  num_samples: 2735
  rmse: 4.396733388922634
  std: 2.809331898003732
trans:
  max: 0.2949349048185915
  mean: 0.10628880929336205
  median: 0.09383878519808572
  min: 0.016807056012407687
  num_samples: 2735
  rmse: 0.11710886570598956
  std: 0.049164778510055705
