rot:
  max: 151.28361129341087
  mean: 87.62512459612113
  median: 88.2517313421784
  min: 43.02683674207644
  num_samples: 2751
  rmse: 88.63654554262446
  std: 13.351956607329507
scale:
  max: 16.787145832461036
  mean: 6.154216195487965
  median: 5.954446884462506
  min: 0.00044255619211508446
  num_samples: 2751
  rmse: 7.051782213842929
  std: 3.4428557057572253
trans:
  max: 0.39133213137191386
  mean: 0.14624115726897377
  median: 0.136680094942271
  min: 0.004665180259354851
  num_samples: 2751
  rmse: 0.1614914486262535
  std: 0.06850556108840462
