rot:
  max: 179.9762655120066
  mean: 143.9637393061549
  median: 143.17199994339398
  min: 60.785959173773726
  num_samples: 2652
  rmse: 145.74698939076632
  std: 22.72942325404775
scale:
  max: 37.972891449057336
  mean: 0.5994510040758695
  median: 0.4048962213788032
  min: 4.8568879018606737e-05
  num_samples: 2652
  rmse: 1.2342762923331436
  std: 1.0789330190183648
trans:
  max: 0.8068243271938234
  mean: 0.01824657279840233
  median: 0.015259724308203229
  min: 0.0010339655387542424
  num_samples: 2652
  rmse: 0.02836928180415567
  std: 0.021722769878544577
