rot:
  max: 152.4109913714911
  mean: 86.79900863929919
  median: 88.01077763919743
  min: 39.5616934677591
  num_samples: 2751
  rmse: 87.77836599745014
  std: 13.075688754982753
scale:
  max: 41.99152917057856
  mean: 8.47981138375981
  median: 6.1680581954316915
  min: 0.0037635044595862865
  num_samples: 2751
  rmse: 11.949132384299762
  std: 8.41870320378257
trans:
  max: 0.5302077620987907
  mean: 0.1770114128801195
  median: 0.14742913919018413
  min: 0.02021815927826119
  num_samples: 2751
  rmse: 0.21190646778243494
  std: 0.11649596902130112
