rot:
  max: 179.99752620941388
  mean: 169.0243105520466
  median: 171.66406081320494
  min: 135.62609578276331
  num_samples: 2670
  rmse: 169.27799519174565
  std: 9.264021726114871
scale:
  max: 2.841463141488898
  mean: 0.33198114390894196
  median: 0.2331331491027544
  min: 0.00023459249285373573
  num_samples: 2670
  rmse: 0.48190771318772146
  std: 0.3493187142406334
trans:
  max: 0.07581943361920387
  mean: 0.010859950030613543
  median: 0.008282420905061243
  min: 0.0005135637464239363
  num_samples: 2670
  rmse: 0.0144308923095979
  std: 0.009503269867986903
