rot:
  max: 179.99651888199443
  mean: 142.35201313417497
  median: 142.6251020994302
  min: 66.88697574164958
  num_samples: 2615
  rmse: 143.99199165218164
  std: 21.67021034991541
scale:
  max: 18.84933439313756
  mean: 0.255432664090091
  median: 0.16853880335591098
  min: 2.4935835540862428e-05
  num_samples: 2615
  rmse: 0.6596955118593502
  std: 0.6082370610898422
trans:
  max: 1.202079405903366
  mean: 0.010656938031767623
  median: 0.007227985593078839
  min: 0.0002789531084233729
  num_samples: 2615
  rmse: 0.041773453343991754
  std: 0.040391225236055005
