rot:
  max: 163.4389686198136
  mean: 89.10071301603284
  median: 88.73913642004311
  min: 34.86664766871551
  num_samples: 2678
  rmse: 90.17911313778191
  std: 13.904509568892504
scale:
  max: 153.78578155377784
  mean: 15.9683449155905
  median: 14.17232336820205
  min: 0.0027502609102669773
  num_samples: 2678
  rmse: 22.199979196058074
  std: 15.42241994507171
trans:
  max: 3.6054279277665358
  mean: 0.6308244776901184
  median: 0.5987268377010982
  min: 0.04574739182311446
  num_samples: 2678
  rmse: 0.7769987097809288
  std: 0.4536380422189233
