rot:
  max: 154.25127594384472
  mean: 85.91981488290986
  median: 88.44273530880622
  min: 31.28591395387255
  num_samples: 2752
  rmse: 87.19875099649083
  std: 14.879771027623688
scale:
  max: 105.95932815726084
  mean: 27.325505559028077
  median: 23.87614986312952
  min: 0.010467648508971639
  num_samples: 2752
  rmse: 33.302944804171304
  std: 19.03688206018006
trans:
  max: 1.456542781200673
  mean: 0.6567309108123891
  median: 0.5985812515691277
  min: 0.10448968262246393
  num_samples: 2752
  rmse: 0.7104690280251275
  std: 0.27105488478627077
