rot:
  max: 179.99744746230462
  mean: 169.1042521924652
  median: 172.00642440673766
  min: 135.92536723386013
  num_samples: 2734
  rmse: 169.37655392265367
  std: 9.600464006529384
scale:
  max: 17.31951398975049
  mean: 9.362572083191417
  median: 10.510920081956044
  min: 0.006384971202400003
  num_samples: 2734
  rmse: 10.266808064274345
  std: 4.2130264437448774
trans:
  max: 0.28025673527811074
  mean: 0.16919853063816453
  median: 0.17842064412211162
  min: 0.026095521221043676
  num_samples: 2734
  rmse: 0.1757561105411201
  std: 0.04756119870680836
