rot:
  max: 151.4524060555325
  mean: 87.03368573735355
  median: 88.01355658023358
  min: 40.9474881107784
  num_samples: 2735
  rmse: 88.02296687283621
  std: 13.159796505570343
scale:
  max: 20.878077889507594
  mean: 4.156079919690475
  median: 3.025247964448763
  min: 0.0003245462290468737
  num_samples: 2735
  rmse: 5.839961061954425
  std: 4.102699709494888
trans:
  max: 0.3121273651297563
  mean: 0.11510399218006961
  median: 0.10085243431885102
  min: 0.004488532271560393
  num_samples: 2735
  rmse: 0.12797223119128145
  std: 0.05592819450228368
