rot:
  max: 179.99765668597016
  mean: 143.46217035071822
  median: 142.86378450465543
  min: 59.81165598433695
  num_samples: 2665
  rmse: 145.3075415326091
  std: 23.084351940491157
scale:
  max: 9.023413056547103
  mean: 0.3019250456715395
  median: 0.22311183492027542
  min: 0.00022871588182260538
  num_samples: 2665
  rmse: 0.49131537005902093
  std: 0.387597806563029
trans:
  max: 0.2051565902028601
  mean: 0.010253117029954743
  median: 0.008610391710190407
  min: 0.0004558142574873856
  num_samples: 2665
  rmse: 0.01352919440243971
  std: 0.008826816659988912
