rot:
  max: 179.9968271042781
  mean: 144.05455952444126
  median: 143.2527456963569
  min: 60.88629115050173
  num_samples: 2654
  rmse: 145.832818265557
  std: 22.704509761151495
scale:
  max: 11.089130601517061
  mean: 0.4008806814244233
  median: 0.27827591602073154
  min: 3.3858921821838805e-05
  num_samples: 2654
  rmse: 0.6946510104250757
  std: 0.5673047730675872
trans:
  max: 0.2254295065225827
  mean: 0.013363020854612002
  median: 0.010707821723597483
  min: 0.000143082389411068
  num_samples: 2654
  rmse: 0.018071549794954588
  std: 0.012165960119560167
