rot:
  max: 151.24268647499002
  mean: 87.0672712199448
  median: 87.61745011552077
  min: 42.6496222239114
  num_samples: 2735
  rmse: 88.12177851936751
  std: 13.591840630650973
scale:
  max: 45.26736156765103
  mean: 15.838714684228135
  median: 15.945617093439534
  min: 0.03198504501651378
  num_samples: 2735
  rmse: 18.27279049655971
  std: 9.112079328165395
trans:
  max: 1.176554294033738
  mean: 0.415629292512884
  median: 0.38908486314657514
  min: 0.03945930236714459
  num_samples: 2735
  rmse: 0.46375030438689535
  std: 0.20571007759508908
