rot:
  max: 151.48859320882778
  mean: 86.02733135231736
  median: 87.91587293410808
  min: 37.18077039546356
  num_samples: 2751
  rmse: 87.03918270962686
  std: 13.233200185835706
scale:
  max: 83.2398734876033
  mean: 17.74673083813565
  median: 14.108606985786965
  min: 0.017092162459775295
  num_samples: 2751
  rmse: 23.914146852269127
  std: 16.029346968315892
trans:
  max: 1.0425104402438676
  mean: 0.3647695024830211
  median: 0.30665714966726715
  min: 0.02205931342826773
  num_samples: 2751
  rmse: 0.4304226164674571
  std: 0.228488159047643
