rot:
  max: 151.7607844709249
  mean: 87.24118026348593
  median: 87.76012512132388
  min: 41.87631904835693
  num_samples: 2734
  rmse: 88.23373564727466
  std: 13.197294135810193
scale:
  max: 7.127314473679136
  mean: 2.5576654163781973
  median: 2.4841076521541883
  min: 0.0017875206519635256
  num_samples: 2734
  rmse: 3.0136260835146915
  std: 1.5938286573854268
trans:
  max: 0.26445997361306245
  mean: 0.08951546889309284
  median: 0.08509202229311662
  min: 0.006562801396641139
  num_samples: 2734
  rmse: 0.09709267681868683
  std: 0.03760277543835952
