rot:
  max: 148.5403152360696
  mean: 90.14555366117088
  median: 89.1453881772434
  min: 43.29840412215902
  num_samples: 2735
  rmse: 91.50204157533844
  std: 15.697221651487208
scale:
  max: 50.427361348373466
  mean: 20.350433036621247
  median: 20.229818724547144
  min: 0.007453058946016444
  num_samples: 2735
  rmse: 23.05461384554741
  std: 10.833978714641319
trans:
  max: 1.3242330797528472
  mean: 0.4609634642431326
  median: 0.4238522536355229
  min: 0.029639905732835637
  num_samples: 2735
  rmse: 0.5111233713576229
  std: 0.22081618007055692
