rot:
  max: 153.3930046440508
  mean: 87.231593921358
  median: 88.04554800971164
  min: 41.09087060365898
  num_samples: 2671
  rmse: 88.22710544241876
  std: 13.216321601980479
scale:
  max: 5.070930294568832
  mean: 1.4958804260947347
  median: 1.287459431144411
  min: 0.0002418604661658108
  num_samples: 2671
  rmse: 1.8508312513046392
  std: 1.0899165434254736
trans:
  max: 0.1338213400362655
  mean: 0.06835935213392567
  median: 0.06594497009416359
  min: 0.005823829645145
  num_samples: 2671
  rmse: 0.07221568462082312
  std: 0.023283128679027328
