rot:
  max: 152.95413829979896
  mean: 87.78694943199595
  median: 88.27606642223654
  min: 42.187484718361226
  num_samples: 2751
  rmse: 88.80048969721247
  std: 13.378283891775526
scale:
  max: 26.810581669437905
  mean: 8.726947801287906
  median: 8.516181291322999
  min: 0.0024118363478820015
  num_samples: 2751
  rmse: 10.032942144991932
  std: 4.949778798931507
trans:
  max: 0.7045076712825851
  mean: 0.2050909495583536
  median: 0.178427553364084
  min: 0.010591649762622623
  num_samples: 2751
  rmse: 0.234745781084853
  std: 0.11420719831249962
