rot:
  max: 151.9681563720949
  mean: 87.4890459581327
  median: 88.04121193181277
  min: 42.14292175571493
  num_samples: 2751
  rmse: 88.49067588104052
  std: 13.276541538333992
scale:
  max: 21.349537125443096
  mean: 7.515986240883202
  median: 7.28058820385451
  min: 0.003442581621693197
  num_samples: 2751
  rmse: 8.561370608855816
  std: 4.0996362678943274
trans:
  max: 0.5591719039152827
  mean: 0.1781815733570741
  median: 0.17334723291946516
  min: 0.017985079175525467
  num_samples: 2751
  rmse: 0.19756837090542562
  std: 0.08534979846620244
