rot:
  max: 179.99642288667692
  mean: 169.07437228024224
  median: 171.74499422037604
  min: 135.4651816225477
  num_samples: 2676
  rmse: 169.32636869163878
  std: 9.234488201236928
scale:
  max: 4.238109813991786
  mean: 0.20853912094235202
  median: 0.15484105906519163
  min: 2.609299754041672e-06
  num_samples: 2676
  rmse: 0.32659895142467454
  std: 0.25135295921927786
trans:
  max: 0.08666621972985619
  mean: 0.006333533915606504
  median: 0.005443828484401229
  min: 0.00024830394251649997
  num_samples: 2676
  rmse: 0.008091247220731132
  std: 0.005035338094592203
