rot:
  max: 153.89248390616848
  mean: 87.27997593102269
  median: 88.05322267773514
  min: 40.55935035160971
  num_samples: 2672
  rmse: 88.29972862931403
  std: 13.380877306462468
scale:
  max: 7.5894137791893135
  mean: 1.6103590427962444
  median: 1.369199323323761
  min: 0.00031064927366042383
  num_samples: 2672
  rmse: 2.007886545523379
  std: 1.1993131921971727
trans:
  max: 0.1650078563326761
  mean: 0.07025777686500295
  median: 0.06717386794911341
  min: 0.0027026626230770706
  num_samples: 2672
  rmse: 0.07451914326667147
  std: 0.024838427953197267
