rot:
  max: 152.06099520975383
  mean: 87.41802736659346
  median: 88.03658782095178
  min: 42.67469058154278
  num_samples: 2751
  rmse: 88.44128530908515
  std: 13.414523415183911
scale:
  max: 33.635144922156634
  mean: 10.322971130948032
  median: 10.064319248628761
  min: 0.013429814998233702
  num_samples: 2751
  rmse: 12.09212818787884
  std: 6.297287601952732
trans:
  max: 0.8930039614436236
  mean: 0.25979462904139017
  median: 0.22494350147813438
  min: 0.02404413545704853
  num_samples: 2751
  rmse: 0.29891702239714596
  std: 0.14784497624208393
