rot:
  max: 179.99928427370926
  mean: 169.05968447621882
  median: 171.85286180160483
  min: 138.27020214446293
  num_samples: 2734
  rmse: 169.33247275103466
  std: 9.607778764173272
scale:
  max: 14.740486020190424
  mean: 8.475126708525279
  median: 9.182037285064204
  min: 0.001918424666746965
  num_samples: 2734
  rmse: 9.131051155317568
  std: 3.398282283075936
trans:
  max: 0.2699141649911904
  mean: 0.14725755864247508
  median: 0.14878831232013484
  min: 0.009897097044357638
  num_samples: 2734
  rmse: 0.15560165346490493
  std: 0.05027013013381186
