rot:
  max: 153.7156516247898
  mean: 87.08891856463275
  median: 87.60772668842361
  min: 40.115091036325246
  num_samples: 2752
  rmse: 88.09867787497114
  std: 13.300274679896505
scale:
  max: 37.36141739204506
  mean: 11.706436193130784
  median: 11.360118511115246
  min: 0.0037708657754098596
  num_samples: 2752
  rmse: 13.927356317675988
  std: 7.545237282926699
trans:
  max: 1.2606865368205458
  mean: 0.39003418921808863
  median: 0.329742156176167
  min: 0.05452275057355165
  num_samples: 2752
  rmse: 0.4510068598027909
  std: 0.22645202324148558
