rot:
  max: 153.40849674159207
  mean: 87.21765250780268
  median: 88.03179754642194
  min: 41.14743579122853
  num_samples: 2671
  rmse: 88.2125878994937
  std: 13.21142516741125
scale:
  max: 4.960115341432003
  mean: 1.4854981075683533
  median: 1.2771048420580522
  min: 0.0023958868439422076
  num_samples: 2671
  rmse: 1.8449033420319207
  std: 1.094058368576096
trans:
  max: 0.13714419545912937
  mean: 0.06810403945971578
  median: 0.06565933972618879
  min: 0.005607935553002851
  num_samples: 2671
  rmse: 0.07194098373743466
  std: 0.023180702111439893
