rot:
  max: 151.19422702956987
  mean: 87.58889373536158
  median: 88.21207922705203
  min: 42.893280985419125
  num_samples: 2751
  rmse: 88.60174591686328
  std: 13.358707786755764
scale:
  max: 22.51791487790197
  mean: 7.978795964260063
  median: 7.795024438422682
  min: 0.02362727766445083
  num_samples: 2751
  rmse: 9.02590362409787
  std: 4.219686148543583
trans:
  max: 0.5272544598364054
  mean: 0.1725541838496059
  median: 0.1682343251180916
  min: 0.010773411994371526
  num_samples: 2751
  rmse: 0.19119521188267422
  std: 0.08234477932970054
