rot:
  max: 151.54046286098523
  mean: 86.93109101572492
  median: 88.01793410055174
  min: 40.251412740097315
  num_samples: 2735
  rmse: 87.91738946967871
  std: 13.132128006494082
scale:
  max: 28.354686096845462
  mean: 5.035926401221875
  median: 3.009922480403604
  min: 0.002458387835491127
  num_samples: 2735
  rmse: 7.678272902258433
  std: 5.796146999777751
trans:
  max: 0.3617613056624622
  mean: 0.12630745287744113
  median: 0.10000656467543738
  min: 0.015398981298625552
  num_samples: 2735
  rmse: 0.14904894717998346
  std: 0.07913290088878634
