rot:
  max: 154.10435079835236
  mean: 94.83981816447886
  median: 91.83963982776436
  min: 46.9831629905704
  num_samples: 2676
  rmse: 95.91832472508428
  std: 14.343427365706058
scale:
  max: 46.3367824798015
  mean: 19.310789631834982
  median: 18.88662172631227
  min: 0.0017141707966183972
  num_samples: 2676
  rmse: 22.34059360560895
  std: 11.233678224250037
trans:
  max: 2.035475017965099
  mean: 0.9156808274104968
  median: 0.9552108004807709
  min: 0.04197281732321017
  num_samples: 2676
  rmse: 1.004708208166322
  std: 0.41348180839017395
