rot:
  max: 151.4474324143343
  mean: 87.87787161838138
  median: 88.38360945141008
  min: 42.68640405468591
  num_samples: 2751
  rmse: 88.89903893394906
  std: 13.435728607079106
scale:
  max: 21.300688974539828
  mean: 7.074323652500417
  median: 6.545385864224551
  min: 0.03853756052341062
  num_samples: 2751
  rmse: 8.078318923621826
  std: 3.9004078621882154
trans:
  max: 0.5415945159244393
  mean: 0.1642455740219613
  median: 0.15300031752197013
  min: 0.006399695267201343
  num_samples: 2751
  rmse: 0.1833016520034003
  std: 0.0813811221437263
