rot:
  max: 150.20797402005442
  mean: 87.32490872060932
  median: 87.52393763865518
  min: 42.56420019460386
  num_samples: 2735
  rmse: 88.40833229486105
  std: 13.798316422514613
scale:
  max: 34.715569392018374
  mean: 13.5775316648306
  median: 13.329916845851065
  min: 0.02274417475595092
  num_samples: 2735
  rmse: 15.194189219614508
  std: 6.82011876230702
trans:
  max: 0.8588249144581207
  mean: 0.30502441868455604
  median: 0.29683701174998983
  min: 0.023925889503431996
  num_samples: 2735
  rmse: 0.3392732752676711
  std: 0.14854783511381656
