rot:
  max: 152.54187833195394
  mean: 86.84589635231295
  median: 87.97040525704585
  min: 40.12454317431507
  num_samples: 2751
  rmse: 87.82703222954484
  std: 13.091137346037437
scale:
  max: 44.286294156263594
  mean: 8.320373614625655
  median: 5.88937856689602
  min: 0.004518539628994844
  num_samples: 2751
  rmse: 12.109069491043249
  std: 8.797780791310707
trans:
  max: 0.5560454585603862
  mean: 0.18011582257983288
  median: 0.1462249292313286
  min: 0.006618478748327042
  num_samples: 2751
  rmse: 0.2188059763203403
  std: 0.12423504227828593
