rot:
  max: 153.48215065009904
  mean: 87.26518313536239
  median: 88.07105907754963
  min: 40.68551610618652
  num_samples: 2672
  rmse: 88.27953540045964
  std: 13.344069202183974
scale:
  max: 6.424566300622936
  mean: 1.5687687452498988
  median: 1.3063580730636737
  min: 1.1101517549683138e-05
  num_samples: 2672
  rmse: 1.9625450012962755
  std: 1.179214783676008
trans:
  max: 0.1385883630305738
  mean: 0.07040710381960111
  median: 0.0681502648570485
  min: 0.006767495768445091
  num_samples: 2672
  rmse: 0.0745220273786274
  std: 0.024420734967580283
