rot:
  max: 151.81522182759082
  mean: 87.06201901648743
  median: 88.06224004742931
  min: 40.213124274164294
  num_samples: 2735
  rmse: 88.04828750892727
  std: 13.14175703730279
scale:
  max: 19.695493834347964
  mean: 4.540187604287859
  median: 3.455000084936921
  min: 0.0020286726694962454
  num_samples: 2735
  rmse: 6.115453675571788
  std: 4.097007465936004
trans:
  max: 0.33885794847023104
  mean: 0.1308413293094824
  median: 0.11818819997650194
  min: 0.011316940965938075
  num_samples: 2735
  rmse: 0.14355877204904638
  std: 0.05907340837261449
