rot:
  max: 179.98735850750785
  mean: 146.9135229126287
  median: 146.54265412544206
  min: 77.2857704090769
  num_samples: 2560
  rmse: 148.09687639889526
  std: 18.684260341531015
scale:
  max: 29.841174985590314
  mean: 0.495273172271726
  median: 0.3170301861620095
  min: 0.0002803158973607722
  num_samples: 2560
  rmse: 1.3720108865207756
  std: 1.2794992604763096
trans:
  max: 1.6785623953493816
  mean: 0.02015492566759476
  median: 0.01353056483075235
  min: 0.0009690396621593094
  num_samples: 2560
  rmse: 0.08182991484634404
  std: 0.0793089776449908
