rot:
  max: 179.97003191032653
  mean: 144.07973856530188
  median: 143.32373790681805
  min: 60.942019240371536
  num_samples: 2654
  rmse: 145.85589885364232
  std: 22.69299815710173
scale:
  max: 4.259032210160285
  mean: 0.3610305603666154
  median: 0.2592306535634248
  min: 6.662477595176242e-05
  num_samples: 2654
  rmse: 0.505379869211768
  std: 0.35364635822509327
trans:
  max: 0.09082125477738401
  mean: 0.012179208466334813
  median: 0.010472920822325735
  min: 0.0008759804578274594
  num_samples: 2654
  rmse: 0.014351294395135548
  std: 0.007591214128807516
