rot:
  max: 179.9933801690081
  mean: 143.3898651542956
  median: 142.83982359261404
  min: 59.67165248347121
  num_samples: 2666
  rmse: 145.24404369250425
  std: 23.133931770951104
scale:
  max: 6.345653945323071
  mean: 0.6571186909025174
  median: 0.5035710799519866
  min: 0.00041684095303251567
  num_samples: 2666
  rmse: 0.9029117161778376
  std: 0.6192290313589704
trans:
  max: 0.12368475292456503
  mean: 0.02036124451161684
  median: 0.018551618852225376
  min: 0.0010922743816885645
  num_samples: 2666
  rmse: 0.023749803681629413
  std: 0.012225910880343045
