rot:
  max: 153.45476755257226
  mean: 87.30123326398659
  median: 88.03673741815241
  min: 41.03080742317618
  num_samples: 2676
  rmse: 88.31017524810245
  std: 13.310962509809993
scale:
  max: 5.519370080686925
  mean: 1.547191307549935
  median: 1.2955755362160204
  min: 0.001885516135646803
  num_samples: 2676
  rmse: 1.9162276007350267
  std: 1.1305429119058856
trans:
  max: 0.1385108345328305
  mean: 0.06835612474591753
  median: 0.0671550493683736
  min: 0.0052089081174978655
  num_samples: 2676
  rmse: 0.07236633649497815
  std: 0.023755564978020546
