rot:
  max: 179.999999999996
  mean: 168.61663553758441
  median: 171.42306127453998
  min: 125.9395426624384
  num_samples: 2736
  rmse: 168.89813024302782
  std: 9.747236509709047
scale:
  max: 44.82492902679206
  mean: 18.351857433371965
  median: 17.629962446387186
  min: 0.048621584726804556
  num_samples: 2736
  rmse: 21.267434630591293
  std: 10.747702289869437
trans:
  max: 1.3851466397116305
  mean: 0.6066843819544417
  median: 0.597172516256935
  min: 0.08191779563028509
  num_samples: 2736
  rmse: 0.6593176689627188
  std: 0.2581353313651403
