rot:
  max: 152.89689195868934
  mean: 83.52630006549155
  median: 85.54046486558904
  min: 29.231390105057162
  num_samples: 2752
  rmse: 84.84630553263821
  std: 14.908144079906354
scale:
  max: 45.47684826191589
  mean: 17.580766642137156
  median: 16.933603300114537
  min: 8.367016918198189e-05
  num_samples: 2752
  rmse: 20.12356610003168
  std: 9.79155538497645
trans:
  max: 2.0426006590955854
  mean: 0.847646212102081
  median: 0.8381166582741617
  min: 0.017616419650716184
  num_samples: 2752
  rmse: 0.938336454201138
  std: 0.40245645775879785
