rot:
  max: 179.98644342629774
  mean: 144.07375692484212
  median: 143.29701927910978
  min: 60.90090666866796
  num_samples: 2655
  rmse: 145.85164457418006
  std: 22.703629457741425
scale:
  max: 1.833024139329642
  mean: 0.19949401396092048
  median: 0.16254402437874127
  min: 0.00015820337293526165
  num_samples: 2655
  rmse: 0.26602258480638763
  std: 0.17598339132097615
trans:
  max: 0.046896743138073016
  mean: 0.007185686018868527
  median: 0.006067343959437292
  min: 0.0005256261194463625
  num_samples: 2655
  rmse: 0.008623988006123934
  std: 0.004768551726468627
