rot:
  max: 153.76459870885165
  mean: 87.32446195324435
  median: 88.07897083742215
  min: 40.648134961184695
  num_samples: 2677
  rmse: 88.33763486326859
  std: 13.340767512124119
scale:
  max: 6.0476854896226895
  mean: 1.52078903223885
  median: 1.2830394910806509
  min: 0.0015979928200016147
  num_samples: 2677
  rmse: 1.9029996405702643
  std: 1.1439442081817504
trans:
  max: 0.14091942392091333
  mean: 0.06965929014021185
  median: 0.06790690607544753
  min: 0.004877912836600493
  num_samples: 2677
  rmse: 0.0737232537402158
  std: 0.024139209581219106
