rot:
  max: 179.97569207146938
  mean: 143.93343005187262
  median: 143.05285021564382
  min: 60.64494844234495
  num_samples: 2654
  rmse: 145.72349855283707
  std: 22.77072120029139
scale:
  max: 24.28401061733264
  mean: 0.6829881184577516
  median: 0.44591532482589624
  min: 0.00033180318042003165
  num_samples: 2654
  rmse: 1.5045562883229455
  std: 1.3406031682707837
trans:
  max: 0.5196262746918361
  mean: 0.021122128125346935
  median: 0.016444866818623886
  min: 0.0018161761780241224
  num_samples: 2654
  rmse: 0.03625361918990397
  std: 0.02946490468036509
