rot:
  max: 154.8838139224548
  mean: 90.67416573176786
  median: 89.44306519763197
  min: 43.755845208498876
  num_samples: 2678
  rmse: 91.63784536996319
  std: 13.254824514009496
scale:
  max: 61.10749907634978
  mean: 5.720904271392573
  median: 4.190936118300003
  min: 0.0014622048608026184
  num_samples: 2678
  rmse: 9.549668755383024
  std: 7.646399653111337
trans:
  max: 2.142041112511574
  mean: 0.2240082554993972
  median: 0.13802779018958788
  min: 0.007178783866032228
  num_samples: 2678
  rmse: 0.3912009026349764
  std: 0.32071552455491953
