rot:
  max: 153.22279788180617
  mean: 87.25090794802958
  median: 88.09917220165522
  min: 40.98232216000807
  num_samples: 2670
  rmse: 88.25541462708708
  std: 13.277698341336656
scale:
  max: 5.241893819222665
  mean: 1.5233996253509499
  median: 1.2985471789303649
  min: 0.0008259722654502255
  num_samples: 2670
  rmse: 1.8845036762671472
  std: 1.1093275834238403
trans:
  max: 0.13672404904238947
  mean: 0.0680631158576045
  median: 0.06572705781241857
  min: 0.004239251038377548
  num_samples: 2670
  rmse: 0.07214227898166414
  std: 0.023914863086009156
