rot:
  max: 153.24879516334698
  mean: 87.21966890043967
  median: 88.0449259654926
  min: 40.72648964427724
  num_samples: 2673
  rmse: 88.22146094269337
  std: 13.257282065372431
scale:
  max: 4.917516194296101
  mean: 1.4958301442079425
  median: 1.2672931722051417
  min: 0.0011424984343477718
  num_samples: 2673
  rmse: 1.8619520455616472
  std: 1.1087639963716567
trans:
  max: 0.14299964481906327
  mean: 0.06939810525182585
  median: 0.0669034772519217
  min: 0.006844813991408858
  num_samples: 2673
  rmse: 0.07345579917818605
  std: 0.024076075684431923
