rot:
  max: 179.99822185474173
  mean: 169.05747992481358
  median: 171.85363155558562
  min: 138.0052666417895
  num_samples: 2734
  rmse: 169.3315923039835
  std: 9.63102453915136
scale:
  max: 11.726533515391857
  mean: 6.075817098231052
  median: 6.55284843797439
  min: 2.6338421754701358e-05
  num_samples: 2734
  rmse: 6.617880866986753
  std: 2.6231267141471633
trans:
  max: 0.18917691035047762
  mean: 0.11321102897473696
  median: 0.11819758817614343
  min: 0.026768299847446622
  num_samples: 2734
  rmse: 0.11757469341402624
  std: 0.03173438907374032
