rot:
  max: 153.58961901283712
  mean: 87.22208290021331
  median: 88.05712821392387
  min: 40.907884069488446
  num_samples: 2670
  rmse: 88.22626365874771
  std: 13.273351262254295
scale:
  max: 5.212162180741997
  mean: 1.537017742297623
  median: 1.3130402710843592
  min: 1.6935546909291332e-05
  num_samples: 2670
  rmse: 1.908004902740809
  std: 1.1305127901732386
trans:
  max: 0.13606713508772955
  mean: 0.06817019432809535
  median: 0.06563224305088271
  min: 0.0028056480932915325
  num_samples: 2670
  rmse: 0.07228843735248233
  std: 0.02405083741023334
