rot:
  max: 152.24990078590596
  mean: 87.39215742035836
  median: 87.96108450292412
  min: 42.00789598011396
  num_samples: 2751
  rmse: 88.39700648439297
  std: 13.29065750130914
scale:
  max: 22.763583714973556
  mean: 8.148828075849986
  median: 8.254764097073497
  min: 0.017133526898760465
  num_samples: 2751
  rmse: 9.154987784615606
  std: 4.172577420096586
trans:
  max: 0.56636365506243
  mean: 0.1776141993874162
  median: 0.16198205631958065
  min: 0.016130589522042684
  num_samples: 2751
  rmse: 0.19818057352728524
  std: 0.08791322937744207
