rot:
  max: 179.98862933501763
  mean: 143.47115451175188
  median: 142.86254269430367
  min: 59.80136865396928
  num_samples: 2665
  rmse: 145.31551069822945
  std: 23.07868004354418
scale:
  max: 9.543249846433422
  mean: 0.30452586924713476
  median: 0.2097906811885486
  min: 7.217427168138002e-05
  num_samples: 2665
  rmse: 0.560269665763268
  std: 0.4702829928178989
trans:
  max: 0.21687104794850337
  mean: 0.010009483398542776
  median: 0.008016488741475829
  min: 0.0005457652479360461
  num_samples: 2665
  rmse: 0.01449130657526487
  std: 0.010478941184710013
