rot:
  max: 152.0562528364193
  mean: 87.58499203008803
  median: 87.97581296316595
  min: 42.708427653630565
  num_samples: 2735
  rmse: 88.61364624195765
  std: 13.462818107076794
scale:
  max: 33.25146408917728
  mean: 13.995652135347303
  median: 13.731853156228812
  min: 0.006048306763506428
  num_samples: 2735
  rmse: 15.554368505507101
  std: 6.786759234823327
trans:
  max: 0.7468333220269008
  mean: 0.30555179482836475
  median: 0.2929941885931366
  min: 0.04365347429402061
  num_samples: 2735
  rmse: 0.3318428750529587
  std: 0.1294518999496655
