rot:
  max: 153.331211035104
  mean: 87.3945291965824
  median: 88.26523489020698
  min: 41.070402980399315
  num_samples: 2671
  rmse: 88.38377050331499
  std: 13.18662788169687
scale:
  max: 42.83777230767545
  mean: 2.1983781430078304
  median: 1.4064210832838153
  min: 0.004848721785677412
  num_samples: 2671
  rmse: 3.5273608437965045
  std: 2.7585155541874733
trans:
  max: 2.1424309272858926
  mean: 0.11216051978486208
  median: 0.0813661538745423
  min: 0.01089317864938222
  num_samples: 2671
  rmse: 0.20981321521349425
  std: 0.17731780248980517
