rot:
  max: 155.59146775152337
  mean: 89.81118733014215
  median: 89.54512991189213
  min: 44.58920340111557
  num_samples: 2675
  rmse: 90.8386321419755
  std: 13.623792415302635
scale:
  max: 173.05253005248596
  mean: 20.423361411210582
  median: 18.20565494961305
  min: 0.0038627933947266158
  num_samples: 2675
  rmse: 28.143797582870743
  std: 19.363874897671582
trans:
  max: 3.1161745602077175
  mean: 0.663798990459718
  median: 0.6397265372037652
  min: 0.04820490749994821
  num_samples: 2675
  rmse: 0.767850643054491
  std: 0.3859605035542546
