rot:
  max: 151.5943323563222
  mean: 87.00393601838373
  median: 88.11991665466951
  min: 40.354331488646814
  num_samples: 2735
  rmse: 87.99486164296371
  std: 13.168553180715163
scale:
  max: 28.17533304684916
  mean: 5.19363058587357
  median: 3.5864846557569496
  min: 0.0020928740048331562
  num_samples: 2735
  rmse: 7.723721113515835
  std: 5.716823346654049
trans:
  max: 0.35647524206624104
  mean: 0.13353117978439324
  median: 0.11160593917902191
  min: 0.02077404995636761
  num_samples: 2735
  rmse: 0.15182829184213278
  std: 0.07225824678946956
