rot:
  max: 179.9985393544225
  mean: 168.98577587913846
  median: 171.5741151759567
  min: 135.38821680193732
  num_samples: 2672
  rmse: 169.2411451634244
  std: 9.29369499998927
scale:
  max: 3.663692022203424
  mean: 0.4074290930811143
  median: 0.2711183750288282
  min: 0.0003918211089137813
  num_samples: 2672
  rmse: 0.5796438826330388
  std: 0.4122966950934785
trans:
  max: 0.06997250162394444
  mean: 0.012779479506021148
  median: 0.010648287299138396
  min: 0.0007958341216036111
  num_samples: 2672
  rmse: 0.01548027571941436
  std: 0.008736351635796013
