rot:
  max: 151.36315695258511
  mean: 87.52763657416926
  median: 88.02744667348395
  min: 43.26190429364731
  num_samples: 2738
  rmse: 88.53135585181754
  std: 13.293374466300168
scale:
  max: 12.221557661803573
  mean: 5.222910261957568
  median: 4.796419763020804
  min: 0.014468722389815447
  num_samples: 2738
  rmse: 6.073558735256034
  std: 3.099890982944921
trans:
  max: 0.2921535486438426
  mean: 0.12933708075570977
  median: 0.12431744698283784
  min: 0.004544495352582043
  num_samples: 2738
  rmse: 0.14089586759380807
  std: 0.05588886335042824
