rot:
  max: 138.82561171312406
  mean: 74.06360295444898
  median: 76.0283734990945
  min: 23.808644507294638
  num_samples: 2736
  rmse: 75.9316263196318
  std: 16.73901409730959
scale:
  max: 54.05825212770088
  mean: 17.15216310395257
  median: 16.483662029576145
  min: 0.0048347636663503835
  num_samples: 2736
  rmse: 19.75151863989412
  std: 9.79417119706883
trans:
  max: 1.9523723590961732
  mean: 0.8279402014068089
  median: 0.8560150497320335
  min: 0.04916163881637357
  num_samples: 2736
  rmse: 0.9064668168312624
  std: 0.3690489302391392
