rot:
  max: 180.00000000541522
  mean: 169.01934446804484
  median: 171.66744666107905
  min: 135.58652105611432
  num_samples: 2670
  rmse: 169.27294598242753
  std: 9.262366714950586
scale:
  max: 3.566229834100487
  mean: 0.3112994855938732
  median: 0.22897559131832002
  min: 6.57085778676958e-05
  num_samples: 2670
  rmse: 0.44970932047075896
  std: 0.32454753609796777
trans:
  max: 0.06739885272019966
  mean: 0.009801257101449195
  median: 0.007532941743670651
  min: 0.00041419178818603
  num_samples: 2670
  rmse: 0.01285074458012597
  std: 0.008311257154903119
