rot:
  max: 152.4515693757724
  mean: 86.22252906709559
  median: 88.42885395624259
  min: 36.24764435299111
  num_samples: 2752
  rmse: 87.26236241030942
  std: 13.43113452773232
scale:
  max: 98.66483214919448
  mean: 21.605872364609844
  median: 17.491858491148484
  min: 0.015533878224571751
  num_samples: 2752
  rmse: 28.55631584093484
  std: 18.67215718044953
trans:
  max: 1.2368612429277965
  mean: 0.43671999234887116
  median: 0.36031435261079375
  min: 0.005404932383382415
  num_samples: 2752
  rmse: 0.5047163184058251
  std: 0.25301029692076243
