rot:
  max: 153.08112192612387
  mean: 86.90790232709126
  median: 88.71686174065657
  min: 38.2026211147256
  num_samples: 2751
  rmse: 87.90589695286371
  std: 13.208453058260561
scale:
  max: 86.86942825666466
  mean: 17.771187618076965
  median: 13.8662045941661
  min: 0.0018389165488130743
  num_samples: 2751
  rmse: 24.432315317495828
  std: 16.766720681655343
trans:
  max: 1.0603009809618094
  mean: 0.34145534326445875
  median: 0.2736824515913046
  min: 0.032105559169648946
  num_samples: 2751
  rmse: 0.41214527544224594
  std: 0.23080722827830935
