rot:
  max: 179.9975899897346
  mean: 168.6787545230905
  median: 171.56364373622674
  min: 136.70407482803452
  num_samples: 2735
  rmse: 168.96758665979738
  std: 9.875379191459146
scale:
  max: 35.090440420870216
  mean: 13.645713912349942
  median: 13.04566451922481
  min: 0.05141966190786995
  num_samples: 2735
  rmse: 15.51539352433036
  std: 7.383896534833897
trans:
  max: 0.8569977031076468
  mean: 0.30413474371786103
  median: 0.2849371408829759
  min: 0.05074602835490752
  num_samples: 2735
  rmse: 0.33669310482464326
  std: 0.14444481472219495
