rot:
  max: 179.98705340002323
  mean: 143.48120750712917
  median: 142.8684819326763
  min: 59.80261655879791
  num_samples: 2666
  rmse: 145.3289913715369
  std: 23.10105680189518
scale:
  max: 21.105792313122585
  mean: 0.3778225312391315
  median: 0.22922022612462678
  min: 9.542218397662339e-05
  num_samples: 2666
  rmse: 1.0442405247830122
  std: 0.9734928908251743
trans:
  max: 0.44035232766353055
  mean: 0.0120963013381608
  median: 0.00926407781724822
  min: 0.0005295816567553404
  num_samples: 2666
  rmse: 0.024347242204359593
  std: 0.02112978222543143
