rot:
  max: 153.5153602333623
  mean: 87.29527441344594
  median: 88.03417936043928
  min: 40.7835324770376
  num_samples: 2677
  rmse: 88.30836166868667
  std: 13.337983569068822
scale:
  max: 6.967129611965661
  mean: 1.614463608931452
  median: 1.359851161303527
  min: 0.0007161221784457439
  num_samples: 2677
  rmse: 2.006327725153908
  std: 1.1911583421851537
trans:
  max: 0.16887208114626973
  mean: 0.06994001533743192
  median: 0.0674532865763102
  min: 0.006883184966203168
  num_samples: 2677
  rmse: 0.07399672609642603
  std: 0.024164224125539004
