rot:
  max: 179.99676191771425
  mean: 166.29329421072225
  median: 169.66291313975984
  min: 106.93311590136035
  num_samples: 2676
  rmse: 166.76013871935666
  std: 12.469329021450381
scale:
  max: 87.36474944951327
  mean: 6.732677815929954
  median: 4.944024573151806
  min: 0.004225639233479406
  num_samples: 2676
  rmse: 11.377026289290221
  std: 9.171029201462886
trans:
  max: 2.399152703743532
  mean: 0.23988878473783837
  median: 0.15474137147493916
  min: 0.011188624998234687
  num_samples: 2676
  rmse: 0.40471317555986447
  std: 0.32595417688496087
