rot:
  max: 159.10206231654126
  mean: 86.74536213424985
  median: 88.96927497551144
  min: 34.90987751084626
  num_samples: 2751
  rmse: 87.8529694188491
  std: 13.906343297469842
scale:
  max: 43.257351707657634
  mean: 15.205544930031444
  median: 14.896947670825023
  min: 0.016625683353144183
  num_samples: 2751
  rmse: 17.805056349416084
  std: 9.263446172277202
trans:
  max: 1.5710480435678604
  mean: 0.7655593525460083
  median: 0.7857148719094249
  min: 0.07868430876562774
  num_samples: 2751
  rmse: 0.831140182401044
  std: 0.3235936966799255
