rot:
  max: 179.9969315370821
  mean: 169.015979463687
  median: 171.68317120915253
  min: 135.7679101114745
  num_samples: 2670
  rmse: 169.27008409034724
  std: 9.271464495095127
scale:
  max: 6.502586873522864
  mean: 0.34511994820602027
  median: 0.23763979202880425
  min: 0.00014302659202547474
  num_samples: 2670
  rmse: 0.5213472457001024
  std: 0.3907622959669434
trans:
  max: 0.15243233594236136
  mean: 0.010890796939274219
  median: 0.008304633787541668
  min: 0.0007870504239237031
  num_samples: 2670
  rmse: 0.014823799263034036
  std: 0.010056618050727786
