rot:
  max: 151.94881502167453
  mean: 87.57180096878675
  median: 88.02145767283503
  min: 42.37312007772294
  num_samples: 2751
  rmse: 88.58658606890906
  std: 13.370224621427985
scale:
  max: 21.483994674783958
  mean: 7.759100801021409
  median: 7.459461645279308
  min: 0.011008828508063395
  num_samples: 2751
  rmse: 8.801565871332526
  std: 4.154986949076303
trans:
  max: 0.5569631497723071
  mean: 0.17383401337104668
  median: 0.16373135437179057
  min: 0.014481728458932246
  num_samples: 2751
  rmse: 0.1931022474832996
  std: 0.0840845632587587
