rot:
  max: 153.28180675948983
  mean: 87.23140906907844
  median: 88.04692988558863
  min: 41.15157505512116
  num_samples: 2671
  rmse: 88.22666381835522
  std: 13.214593461025638
scale:
  max: 4.846248856492174
  mean: 1.5527069955720727
  median: 1.31305255303108
  min: 0.00027078915356693045
  num_samples: 2671
  rmse: 1.9243732661926105
  std: 1.1367996540896543
trans:
  max: 0.13753151437694283
  mean: 0.068200092994175
  median: 0.06518043941429333
  min: 0.005663717198942447
  num_samples: 2671
  rmse: 0.07243853176978687
  std: 0.024414917582254798
