rot:
  max: 152.12146884937005
  mean: 86.7057673299938
  median: 88.04881101465938
  min: 38.09489295089249
  num_samples: 2735
  rmse: 87.69319416321592
  std: 13.122736538712527
scale:
  max: 57.883308597324934
  mean: 10.981251996360815
  median: 7.545843711308642
  min: 0.011924519754757945
  num_samples: 2735
  rmse: 15.848649596428519
  std: 11.427676869022646
trans:
  max: 0.747057471588417
  mean: 0.24373656550325465
  median: 0.19735685343491421
  min: 0.017085851819625835
  num_samples: 2735
  rmse: 0.2960833026706464
  std: 0.1681005911858591
