rot:
  max: 153.60838795687468
  mean: 87.32147193308325
  median: 88.12710992455416
  min: 40.629486935771624
  num_samples: 2677
  rmse: 88.33503449142965
  std: 13.343120251343644
scale:
  max: 9.080631404558082
  mean: 1.559453819172342
  median: 1.3311103904374622
  min: 0.0017866800326560295
  num_samples: 2677
  rmse: 1.9483538729598187
  std: 1.1679839896789375
trans:
  max: 0.2025892662333606
  mean: 0.07035685454390117
  median: 0.06853261096974281
  min: 0.009334657118363832
  num_samples: 2677
  rmse: 0.07440594887841193
  std: 0.024210705218666823
