rot:
  max: 153.54274047869689
  mean: 87.4601819635811
  median: 88.29494557296775
  min: 40.931696536446644
  num_samples: 2676
  rmse: 88.46141534289481
  std: 13.271720889373862
scale:
  max: 40.524663759545795
  mean: 2.352889143512117
  median: 1.5134464323820374
  min: 0.0008064549321562531
  num_samples: 2676
  rmse: 3.653898595478494
  std: 2.795512050480646
trans:
  max: 1.7188382779870655
  mean: 0.11659782626894227
  median: 0.08615655580494633
  min: 0.007142032257100389
  num_samples: 2676
  rmse: 0.20465795071120144
  std: 0.1681957897768737
