rot:
  max: 179.99454347973557
  mean: 144.0843924133953
  median: 143.3291498502282
  min: 60.96890437163106
  num_samples: 2655
  rmse: 145.86253226040495
  std: 22.706082451192522
scale:
  max: 5.7073292791291586
  mean: 0.30652151179433795
  median: 0.23513240049189976
  min: 0.00011575919702799808
  num_samples: 2655
  rmse: 0.42962855167808406
  std: 0.30104028837403407
trans:
  max: 0.23063152205828003
  mean: 0.010621664036502457
  median: 0.009348657301160827
  min: 0.0005394545069975055
  num_samples: 2655
  rmse: 0.013240588871331158
  std: 0.00790527967596903
