rot:
  max: 153.30802283363093
  mean: 87.54296261142119
  median: 88.4451296528129
  min: 39.7539231689894
  num_samples: 2673
  rmse: 88.56220584854188
  std: 13.397537160792957
scale:
  max: 35.322817590122256
  mean: 2.5468117801696253
  median: 1.517824048989036
  min: 0.0004619841040942596
  num_samples: 2673
  rmse: 4.4487847914086505
  std: 3.6476616998644635
trans:
  max: 1.5451788637292914
  mean: 0.11521284469214652
  median: 0.08081228016053389
  min: 0.004538487735040389
  num_samples: 2673
  rmse: 0.18754192384315943
  std: 0.14797963919653542
