rot:
  max: 179.9904520002736
  mean: 143.43655594810556
  median: 142.7185511432928
  min: 59.68250033319808
  num_samples: 2665
  rmse: 145.29426352165493
  std: 23.15982361863094
scale:
  max: 20.55955774470888
  mean: 0.5492265567449786
  median: 0.30990382821196594
  min: 2.0800106836915688e-05
  num_samples: 2665
  rmse: 1.5489029679797437
  std: 1.4482577787060276
trans:
  max: 0.42946369454509004
  mean: 0.01762259161663947
  median: 0.011429890313090217
  min: 0.0008540972477803891
  num_samples: 2665
  rmse: 0.038310567700530006
  std: 0.03401681734451422
