rot:
  max: 153.42921005639462
  mean: 87.29338354228595
  median: 88.19500849084017
  min: 41.050221240934505
  num_samples: 2675
  rmse: 88.29157005271584
  std: 13.238826689438124
scale:
  max: 22.29841741798576
  mean: 1.7091637146884553
  median: 1.387563312605522
  min: 0.0009837883095054067
  num_samples: 2675
  rmse: 2.3295978876206727
  std: 1.582967376290183
trans:
  max: 0.46869726280638835
  mean: 0.07457238752361782
  median: 0.06830221820565224
  min: 0.003560399423473294
  num_samples: 2675
  rmse: 0.0838410441768032
  std: 0.03831813810304501
