rot:
  max: 153.3980439857957
  mean: 88.1154166595868
  median: 88.53011297163482
  min: 43.28842055874257
  num_samples: 2734
  rmse: 89.12487647011915
  std: 13.375984177673951
scale:
  max: 19.232498947030773
  mean: 10.859930666813588
  median: 11.419495837699545
  min: 0.04434767191882072
  num_samples: 2734
  rmse: 11.690405497184972
  std: 4.327526614662752
trans:
  max: 0.40455014140076245
  mean: 0.21095282226708853
  median: 0.20926816809260318
  min: 0.05272946804783405
  num_samples: 2734
  rmse: 0.2220965976052911
  std: 0.06946801742814254
