rot:
  max: 179.98720074455076
  mean: 144.04636436232062
  median: 143.18130245413133
  min: 60.836796122516105
  num_samples: 2654
  rmse: 145.82379975494325
  std: 22.69857900766886
scale:
  max: 7.665470223924609
  mean: 0.45975053713075476
  median: 0.32450097567910396
  min: 3.027688658674421e-05
  num_samples: 2654
  rmse: 0.6543499043273957
  std: 0.4656213492756258
trans:
  max: 0.14524372900934956
  mean: 0.015193678536918205
  median: 0.012844484822151878
  min: 0.000667428464971292
  num_samples: 2654
  rmse: 0.01825340189590345
  std: 0.010116264789444903
