rot:
  max: 179.99812504555538
  mean: 140.70547128804498
  median: 139.93291970184868
  min: 58.69327469676038
  num_samples: 2517
  rmse: 142.53866644457955
  std: 22.786877394857765
scale:
  max: 3.3059581084172507
  mean: 0.22836942835390758
  median: 0.1701468926404881
  min: 6.162100554263361e-05
  num_samples: 2517
  rmse: 0.31611601826947167
  std: 0.2185789129807692
trans:
  max: 0.4992804697153173
  mean: 0.008645690598967571
  median: 0.006839050301509028
  min: 0.0005944448646517226
  num_samples: 2517
  rmse: 0.019087632091905265
  std: 0.017017336246982248
