rot:
  max: 152.24671065707977
  mean: 86.85169662232906
  median: 88.01468414494512
  min: 40.30388724838452
  num_samples: 2751
  rmse: 87.83300288580261
  std: 13.092715140883568
scale:
  max: 41.093556540165906
  mean: 7.535148713070684
  median: 5.290445334429849
  min: 0.004839604718687163
  num_samples: 2751
  rmse: 11.243350760452598
  std: 8.344727089274954
trans:
  max: 0.5192625880547632
  mean: 0.15675283711476445
  median: 0.12258586872240776
  min: 0.010289483515812992
  num_samples: 2751
  rmse: 0.19645305699988633
  std: 0.11841601099966484
