rot:
  max: 152.6131974991134
  mean: 86.09911311853116
  median: 88.3811199458185
  min: 35.32990729311815
  num_samples: 2752
  rmse: 87.16660716862644
  std: 13.60000461367581
scale:
  max: 97.80045820285666
  mean: 22.10716787111795
  median: 18.93206895565442
  min: 0.004663471352017723
  num_samples: 2752
  rmse: 28.760035399702716
  std: 18.395998611392738
trans:
  max: 1.2616661524132242
  mean: 0.4734545616637826
  median: 0.42412061108975396
  min: 0.032339224108519034
  num_samples: 2752
  rmse: 0.5345249238864469
  std: 0.24810818667582762
