rot:
  max: 152.18756627316012
  mean: 86.74019655780714
  median: 88.00784649918762
  min: 39.26959278071546
  num_samples: 2751
  rmse: 87.72503045202465
  std: 13.107984929867294
scale:
  max: 56.77044305090699
  mean: 11.17532812021038
  median: 8.602281371800125
  min: 0.006048062935604115
  num_samples: 2751
  rmse: 15.8158791505747
  std: 11.19169668599085
trans:
  max: 0.6832845208058542
  mean: 0.22363604253758185
  median: 0.18268464220570263
  min: 0.014168783547962681
  num_samples: 2751
  rmse: 0.27203487503135765
  std: 0.15488671250773986
