rot:
  max: 179.99872428759363
  mean: 169.29698203446824
  median: 172.09431648267105
  min: 130.12524474388124
  num_samples: 2735
  rmse: 169.54762249086846
  std: 9.215647905983078
scale:
  max: 46.99447640607374
  mean: 16.51557228267565
  median: 16.356915839835462
  min: 0.0011439116508027425
  num_samples: 2735
  rmse: 19.34056215754141
  std: 10.064453126993014
trans:
  max: 1.432489219221352
  mean: 0.4769100118196601
  median: 0.4140136389957319
  min: 0.05424056158936258
  num_samples: 2735
  rmse: 0.5428505323194805
  std: 0.25931359599086706
