rot:
  max: 179.99193956362552
  mean: 144.05944208348768
  median: 143.22994500857072
  min: 60.9655788677833
  num_samples: 2654
  rmse: 145.8372236390599
  std: 22.701826916427837
scale:
  max: 12.367125510562293
  mean: 0.3856357752944773
  median: 0.24753944004918815
  min: 2.9279380409086286e-05
  num_samples: 2654
  rmse: 0.6956764599296156
  std: 0.5790084504678921
trans:
  max: 0.2549114010772309
  mean: 0.013510429308318564
  median: 0.011167420407082856
  min: 0.0004407717486524126
  num_samples: 2654
  rmse: 0.01854632886540649
  std: 0.012705692200298921
