rot:
  max: 179.9861588353148
  mean: 143.46521146973743
  median: 142.85333396053863
  min: 59.783062947913095
  num_samples: 2665
  rmse: 145.3145315907771
  std: 23.109439400177177
scale:
  max: 22.571732357261855
  mean: 0.43040360170266084
  median: 0.2382259606314885
  min: 0.00011274067321931369
  num_samples: 2665
  rmse: 1.4139001333797931
  std: 1.3467985472270054
trans:
  max: 0.47775262098925214
  mean: 0.013291155550178825
  median: 0.009674933092096735
  min: 0.0007805464955687251
  num_samples: 2665
  rmse: 0.031467198500772356
  std: 0.0285224431917737
