rot:
  max: 152.20854964008126
  mean: 87.03362986426832
  median: 87.84824892445441
  min: 41.17149445894871
  num_samples: 2738
  rmse: 88.01771526729986
  std: 13.124994229523315
scale:
  max: 10.131944071396394
  mean: 2.089055365035885
  median: 1.7335637526453618
  min: 0.0007749473723062117
  num_samples: 2738
  rmse: 2.6893940630055253
  std: 1.6937201976549014
trans:
  max: 0.19074711498432695
  mean: 0.07809493908170875
  median: 0.07279604544481408
  min: 0.010068917102885929
  num_samples: 2738
  rmse: 0.08682646962257595
  std: 0.03794754691603009
