rot:
  max: 158.15835464089358
  mean: 82.67744091988895
  median: 84.52884503539957
  min: 29.656569993909823
  num_samples: 2404
  rmse: 83.99011409446173
  std: 14.791214572812345
scale:
  max: 43.609095098659935
  mean: 17.131773965716622
  median: 16.663448655175287
  min: 0.025478648757570888
  num_samples: 2404
  rmse: 20.23065678795635
  std: 10.760194926658063
trans:
  max: 1.992729431116791
  mean: 0.8322702914635915
  median: 0.8738895919264005
  min: 0.03133107521292779
  num_samples: 2404
  rmse: 0.9393690379164553
  std: 0.43559195509466975
