rot:
  max: 151.5713814164568
  mean: 86.93621659957749
  median: 88.08443994102981
  min: 39.628275687907326
  num_samples: 2735
  rmse: 87.92264529576234
  std: 13.133384908536028
scale:
  max: 38.60284014067163
  mean: 7.3395306662788435
  median: 5.064824945551183
  min: 0.01027342051593827
  num_samples: 2735
  rmse: 10.727762452089948
  std: 7.8240767396047
trans:
  max: 0.5084091889521576
  mean: 0.16638267695831516
  median: 0.12966489567409623
  min: 0.010989183029772361
  num_samples: 2735
  rmse: 0.20225440244872536
  std: 0.11499412210228782
