rot:
  max: 179.99548497711464
  mean: 144.08448040898242
  median: 143.323453906057
  min: 60.896136478926785
  num_samples: 2655
  rmse: 145.8621576076169
  std: 22.703117125690518
scale:
  max: 1.6735369280966528
  mean: 0.200189180718149
  median: 0.1567698784018079
  min: 7.986144434646292e-06
  num_samples: 2655
  rmse: 0.2663201123095706
  std: 0.17564365671432156
trans:
  max: 0.050076465593765954
  mean: 0.007457682304525944
  median: 0.006364679296463769
  min: 0.0003160759405441151
  num_samples: 2655
  rmse: 0.008914509256050715
  std: 0.004883794623136261
