rot:
  max: 179.9886359722713
  mean: 144.09329369600505
  median: 143.31751379205767
  min: 60.94415475462959
  num_samples: 2655
  rmse: 145.86984922932308
  std: 22.696599437410914
scale:
  max: 1.65667854004532
  mean: 0.2077638664308426
  median: 0.1656972067087148
  min: 0.0001488443138963902
  num_samples: 2655
  rmse: 0.279731890335522
  std: 0.18730751793879405
trans:
  max: 0.0499700767576004
  mean: 0.007435732218061869
  median: 0.006453085923357615
  min: 0.00024003224737114066
  num_samples: 2655
  rmse: 0.008809133885436877
  std: 0.004723423143529378
