rot:
  max: 153.57581297505234
  mean: 87.36351304425912
  median: 88.22185907023847
  min: 40.825309449625756
  num_samples: 2676
  rmse: 88.36413787627089
  std: 13.260371457170775
scale:
  max: 23.110359931819136
  mean: 1.8949046064000843
  median: 1.4398687640931551
  min: 0.0011495257828841865
  num_samples: 2676
  rmse: 2.9569243528690525
  std: 2.2699643524147697
trans:
  max: 0.6166830541620889
  mean: 0.07997699777153211
  median: 0.06912516188134728
  min: 0.008828510353224097
  num_samples: 2676
  rmse: 0.10075193833597593
  std: 0.06127505941171036
