rot:
  max: 179.98798822580176
  mean: 168.70017541840812
  median: 171.8540476624428
  min: 132.63756903051248
  num_samples: 2735
  rmse: 168.98683101414105
  std: 9.838692494437836
scale:
  max: 37.7868860566712
  mean: 15.603737967560482
  median: 16.041747050207313
  min: 0.0025684518571988946
  num_samples: 2735
  rmse: 17.327090152841347
  std: 7.533353476666489
trans:
  max: 0.8614505318887201
  mean: 0.32486008606072814
  median: 0.31216542377123935
  min: 0.036319382254610566
  num_samples: 2735
  rmse: 0.35273659468022167
  std: 0.13743736650276553
