rot:
  max: 179.99862809107336
  mean: 167.24710059988035
  median: 170.40264862090712
  min: 107.54870989547331
  num_samples: 2671
  rmse: 167.6688660873519
  std: 11.88511657292362
scale:
  max: 102.51241400171307
  mean: 9.752484476395333
  median: 7.633608044550655
  min: 0.00036084881057663054
  num_samples: 2671
  rmse: 15.164913966949916
  std: 11.613081510204806
trans:
  max: 2.343111468660165
  mean: 0.3447338911711998
  median: 0.25160058607806357
  min: 0.022415859712381976
  num_samples: 2671
  rmse: 0.5097191467679194
  std: 0.3754625851663248
