rot:
  max: 179.99786842326438
  mean: 144.0567992641346
  median: 143.2526590731947
  min: 60.9095738739784
  num_samples: 2654
  rmse: 145.83432451900617
  std: 22.69997342922659
scale:
  max: 7.68955952753847
  mean: 0.36430855648755806
  median: 0.2469170211880256
  min: 0.0002502557116867976
  num_samples: 2654
  rmse: 0.5471029707374256
  std: 0.4081677795461914
trans:
  max: 0.15332591123715486
  mean: 0.01255296508988659
  median: 0.01068967370401359
  min: 0.0006311221632023802
  num_samples: 2654
  rmse: 0.015218295364164023
  std: 0.008603463328394241
