rot:
  max: 153.56895530189468
  mean: 87.29548041297875
  median: 88.0859991816003
  min: 40.44360875443663
  num_samples: 2678
  rmse: 88.31185069292738
  std: 13.359718270874808
scale:
  max: 11.442828174081454
  mean: 1.6173550301842106
  median: 1.330303897082441
  min: 0.0017860233352040567
  num_samples: 2678
  rmse: 2.0352384078801813
  std: 1.235458652990251
trans:
  max: 0.23362768461219807
  mean: 0.0698829363795301
  median: 0.06796200601925712
  min: 0.0041705830523047
  num_samples: 2678
  rmse: 0.07396074025188554
  std: 0.024219130900621604
