rot:
  max: 153.35161385562026
  mean: 87.24991528359486
  median: 88.1274067176296
  min: 40.913268259415254
  num_samples: 2673
  rmse: 88.25143023006137
  std: 13.257723057030631
scale:
  max: 21.857875548546524
  mean: 1.658634841018125
  median: 1.3483140129667226
  min: 0.0016604577729784076
  num_samples: 2673
  rmse: 2.4033429075570303
  std: 1.7392491470359988
trans:
  max: 0.46218283041285396
  mean: 0.07232349333578993
  median: 0.06803068052127977
  min: 0.004160738876225351
  num_samples: 2673
  rmse: 0.08019068916476885
  std: 0.034638980072001536
