rot:
  max: 149.5601359356596
  mean: 89.63068283524572
  median: 88.8382673856205
  min: 38.902897976319494
  num_samples: 2676
  rmse: 90.63885420572828
  std: 13.481193797837385
scale:
  max: 26.84571984375792
  mean: 2.9018290318295805
  median: 2.015315342732127
  min: 0.00037857321522061227
  num_samples: 2676
  rmse: 4.544135606617412
  std: 3.4969353270198242
trans:
  max: 1.2531170633950035
  mean: 0.15594411339335307
  median: 0.09448281300807176
  min: 0.0037501077790487785
  num_samples: 2676
  rmse: 0.2675305007562882
  std: 0.21737985723813416
