rot:
  max: 153.66702775298242
  mean: 87.26111769819047
  median: 88.12675444151824
  min: 40.868817911046314
  num_samples: 2672
  rmse: 88.26309603869923
  std: 13.261653758079984
scale:
  max: 6.4917327152973385
  mean: 1.4977269802413051
  median: 1.2798810125883742
  min: 0.0007375053206581939
  num_samples: 2672
  rmse: 1.867266096447429
  std: 1.1151217725429232
trans:
  max: 0.15865812951536315
  mean: 0.06872470665389094
  median: 0.0666039228476108
  min: 0.004751504813054837
  num_samples: 2672
  rmse: 0.0726906896564999
  std: 0.023682294189419577
