rot:
  max: 152.5703048232665
  mean: 88.71150229491428
  median: 88.57641628813872
  min: 45.1881148046859
  num_samples: 2676
  rmse: 89.73209066255892
  std: 13.495090042424518
scale:
  max: 43.585101856743094
  mean: 2.1750929640962644
  median: 1.4073397535524224
  min: 0.0003642878518395065
  num_samples: 2676
  rmse: 3.66896755898034
  std: 2.954707015321325
trans:
  max: 1.3830998322741315
  mean: 0.10709526777450092
  median: 0.07778180016571117
  min: 0.00311492897339639
  num_samples: 2676
  rmse: 0.1761856051747991
  std: 0.13989986094031
