rot:
  max: 179.99880863118088
  mean: 168.98860092981747
  median: 171.6410817368519
  min: 135.21889022751265
  num_samples: 2672
  rmse: 169.2433595071397
  std: 9.28264472258568
scale:
  max: 3.2340925330569537
  mean: 0.4541377869347576
  median: 0.3185437153642279
  min: 0.0003142401650779725
  num_samples: 2672
  rmse: 0.6402565025670502
  std: 0.45131724934616924
trans:
  max: 0.06715384049557994
  mean: 0.014510831508969193
  median: 0.011661855428292987
  min: 0.0004646558197706852
  num_samples: 2672
  rmse: 0.017725639026151516
  std: 0.010180080933063934
