rot:
  max: 179.96900421880923
  mean: 142.71439124344548
  median: 141.56781780243267
  min: 63.38500157076166
  num_samples: 2579
  rmse: 144.52067012260892
  std: 22.77776601646226
scale:
  max: 246.6875974533287
  mean: 1.6934154117629512
  median: 1.0805078278151026
  min: 0.0002612252696598816
  num_samples: 2579
  rmse: 8.465916074932835
  std: 8.294822435170618
trans:
  max: 3.9480904713828076
  mean: 0.04421231765346564
  median: 0.029528868145823114
  min: 0.0010580755717578521
  num_samples: 2579
  rmse: 0.16471169587286852
  std: 0.15866699002951265
