rot:
  max: 153.86079878055642
  mean: 87.9441657703242
  median: 88.42119907154432
  min: 41.87940679196275
  num_samples: 2751
  rmse: 88.9523041422715
  std: 13.354254722032298
scale:
  max: 26.217708237892523
  mean: 7.849356245267937
  median: 7.68806115566143
  min: 0.001351835125473766
  num_samples: 2751
  rmse: 9.200851364328361
  std: 4.800340859078278
trans:
  max: 0.691986749267528
  mean: 0.19489151827076462
  median: 0.17238495366778256
  min: 0.018132786640462792
  num_samples: 2751
  rmse: 0.2221526738155299
  std: 0.10662601272440751
