rot:
  max: 153.34173492218736
  mean: 87.27092519547807
  median: 88.08059412013698
  min: 41.11199612285232
  num_samples: 2670
  rmse: 88.2769407197265
  std: 13.289239194151811
scale:
  max: 5.39530996562786
  mean: 1.5192796749304174
  median: 1.27209333337025
  min: 0.00017344822338394295
  num_samples: 2670
  rmse: 1.8979050548090168
  std: 1.1374677430208493
trans:
  max: 0.13646812738547584
  mean: 0.06940366921223488
  median: 0.06716601023021358
  min: 0.0024163226128865074
  num_samples: 2670
  rmse: 0.07348037350899056
  std: 0.024134953716538315
