rot:
  max: 152.43374319998233
  mean: 87.81254871745392
  median: 88.23535936982935
  min: 42.376506360474686
  num_samples: 2751
  rmse: 88.8243698634274
  std: 13.36880583222506
scale:
  max: 23.478385693197122
  mean: 8.88811203023874
  median: 8.783092994064168
  min: 0.008960894191467617
  num_samples: 2751
  rmse: 9.992012401162166
  std: 4.5652794397390135
trans:
  max: 0.5793993441449612
  mean: 0.1931384404970837
  median: 0.18108606170369299
  min: 0.02504877236605414
  num_samples: 2751
  rmse: 0.2141910621188209
  std: 0.09260320671522719
