rot:
  max: 179.9954510518833
  mean: 143.8045545354402
  median: 142.94042646859148
  min: 60.35867667729194
  num_samples: 2654
  rmse: 145.60713179600805
  std: 22.84046682368125
scale:
  max: 21.879415389718137
  mean: 0.6838621565657291
  median: 0.44428828145147703
  min: 0.00010116989417330302
  num_samples: 2654
  rmse: 1.3680154690418878
  std: 1.1848201865072863
trans:
  max: 0.45787948945657075
  mean: 0.021725687452358488
  median: 0.01723404267913059
  min: 0.000979747906831094
  num_samples: 2654
  rmse: 0.03366682008420739
  std: 0.025718656249983606
