rot:
  max: 179.9824254130822
  mean: 143.47889554464717
  median: 142.8221867470296
  min: 59.76487402688112
  num_samples: 2665
  rmse: 145.32599349036013
  std: 23.0965563937222
scale:
  max: 22.420529453434757
  mean: 0.35001013557733396
  median: 0.21951053737971904
  min: 7.075371408760134e-05
  num_samples: 2665
  rmse: 0.9575464810509983
  std: 0.8912845608257143
trans:
  max: 0.4833582137560964
  mean: 0.011175948891126731
  median: 0.00845530991622251
  min: 0.00035730697840187156
  num_samples: 2665
  rmse: 0.022572338379008662
  std: 0.01961144120862592
