rot:
  max: 152.87784202336445
  mean: 95.20076064661625
  median: 95.1076666880023
  min: 40.35366274620538
  num_samples: 2674
  rmse: 96.22893898400022
  std: 14.02939308352632
scale:
  max: 46.05100812859756
  mean: 18.96647285760146
  median: 18.67253272274325
  min: 0.01920771356243023
  num_samples: 2674
  rmse: 22.075627803330352
  std: 11.29629365115115
trans:
  max: 2.0388440917902706
  mean: 0.9137201483267204
  median: 0.9540079938218851
  min: 0.030835951604130864
  num_samples: 2674
  rmse: 1.0028756366864209
  std: 0.41337033420528746
