rot:
  max: 153.2888042278238
  mean: 87.25163989654159
  median: 88.07612803417129
  min: 41.229707409127315
  num_samples: 2676
  rmse: 88.24639598918083
  std: 13.21278700515286
scale:
  max: 13.359597544397506
  mean: 1.5373645248263952
  median: 1.2848308828254829
  min: 6.43491590013312e-06
  num_samples: 2676
  rmse: 1.9436532671974722
  std: 1.1892427594451527
trans:
  max: 0.2747196516036468
  mean: 0.06847082673358601
  median: 0.06548648097560833
  min: 0.006814823097005791
  num_samples: 2676
  rmse: 0.07267223232624356
  std: 0.024351575671786974
