rot:
  max: 153.37722175418963
  mean: 87.35559829690699
  median: 88.46014208304085
  min: 40.63556994077878
  num_samples: 2676
  rmse: 88.36019968047606
  std: 13.286246037275204
scale:
  max: 44.25043122174381
  mean: 2.468962650050818
  median: 1.436402824059374
  min: 0.0002089545594774478
  num_samples: 2676
  rmse: 4.632086636457567
  std: 3.919241003090115
trans:
  max: 1.059977764743217
  mean: 0.10921824917040981
  median: 0.07995361624268163
  min: 0.006237666446386682
  num_samples: 2676
  rmse: 0.16025651769541355
  std: 0.11727542586582525
