rot:
  max: 180.00000018393675
  mean: 169.02007319657446
  median: 171.67341297899645
  min: 135.63719649168485
  num_samples: 2670
  rmse: 169.2734784561658
  std: 9.258799343040607
scale:
  max: 8.642963323053776
  mean: 0.4537875071630452
  median: 0.2746771681068849
  min: 1.3104421292542412e-05
  num_samples: 2670
  rmse: 0.8713176563040909
  std: 0.7438221269429971
trans:
  max: 0.19827996847890125
  mean: 0.015049922297760606
  median: 0.009148451872108016
  min: 0.00042982169003204695
  num_samples: 2670
  rmse: 0.027745670031204213
  std: 0.02330926949331168
