rot:
  max: 148.59098335132117
  mean: 86.01427312737142
  median: 86.95196028013436
  min: 40.071662725239094
  num_samples: 2735
  rmse: 87.08103170161199
  std: 13.588631299255383
scale:
  max: 43.64342598525407
  mean: 16.939582463498688
  median: 17.341005450835212
  min: 0.0090405422228379
  num_samples: 2735
  rmse: 19.433897616924025
  std: 9.525068112481556
trans:
  max: 1.268585557434526
  mean: 0.4428927877219475
  median: 0.4119673617232328
  min: 0.03704700874383909
  num_samples: 2735
  rmse: 0.4977079207700722
  std: 0.22706640654475976
