rot:
  max: 152.14035429118155
  mean: 86.75090100668304
  median: 87.95805251950551
  min: 40.274319853037944
  num_samples: 2751
  rmse: 87.73250510973017
  std: 13.087155052093138
scale:
  max: 41.636989272347606
  mean: 7.648531210981599
  median: 5.47138532070851
  min: 0.022025522544733
  num_samples: 2751
  rmse: 11.242170031696427
  std: 8.23931777128504
trans:
  max: 0.5366614779810186
  mean: 0.16310568780859577
  median: 0.12962914217310326
  min: 0.012519305528325083
  num_samples: 2751
  rmse: 0.19744364881118526
  std: 0.1112678258094384
