rot:
  max: 152.39137416799232
  mean: 87.88887762840605
  median: 88.43876816119177
  min: 43.44240058065256
  num_samples: 2734
  rmse: 88.89236810268127
  std: 13.319095169029154
scale:
  max: 14.874162008599523
  mean: 8.216819746534911
  median: 8.80824774198985
  min: 0.0012874531470141726
  num_samples: 2734
  rmse: 8.830253978617044
  std: 3.2337684796280786
trans:
  max: 0.30210777199959027
  mean: 0.16381046315041556
  median: 0.16545303848248588
  min: 0.030347034681369095
  num_samples: 2734
  rmse: 0.17148153947185638
  std: 0.050715387626282867
