rot:
  max: 158.09947879213777
  mean: 90.58992248146691
  median: 91.09458494622889
  min: 42.23833963529307
  num_samples: 2752
  rmse: 91.61067840132048
  std: 13.637534306171112
scale:
  max: 43.42647974812968
  mean: 17.499125509001768
  median: 17.683886138609406
  min: 0.00520191911959067
  num_samples: 2752
  rmse: 20.340495362528394
  std: 10.369009500103825
trans:
  max: 1.981998203031962
  mean: 0.8344902223406119
  median: 0.8493720344187514
  min: 0.07067518130523569
  num_samples: 2752
  rmse: 0.9169190453722735
  std: 0.37995605612270456
