rot:
  max: 153.68151705062817
  mean: 87.4191172138691
  median: 88.4062814597009
  min: 40.32565367737228
  num_samples: 2678
  rmse: 88.44126710690007
  std: 13.407299244137286
scale:
  max: 45.17293174631656
  mean: 2.4602384427097426
  median: 1.6775851362771266
  min: 0.001850760284338726
  num_samples: 2678
  rmse: 5.1540823983346815
  std: 4.528994609605588
trans:
  max: 1.0203556229252633
  mean: 0.09484374375172568
  median: 0.07265656468368199
  min: 0.008187246947223852
  num_samples: 2678
  rmse: 0.15113122975809354
  std: 0.11766610760686631
