rot:
  max: 151.91381334577204
  mean: 87.06466668430608
  median: 87.79424478848989
  min: 41.103202417661926
  num_samples: 2734
  rmse: 88.0487229007466
  std: 13.12712533661203
scale:
  max: 7.210590392056481
  mean: 2.7143785608663156
  median: 2.5260687468958434
  min: 0.0005189562060303743
  num_samples: 2734
  rmse: 3.258810350531412
  std: 1.8033285693516816
trans:
  max: 0.2559793774147703
  mean: 0.09596823847673694
  median: 0.09570678826919798
  min: 0.01144941064194021
  num_samples: 2734
  rmse: 0.10278392972348281
  std: 0.036805344898180326
