rot:
  max: 153.73492159476635
  mean: 87.30352084267321
  median: 88.07802147655732
  min: 40.42181189968984
  num_samples: 2678
  rmse: 88.32693378856273
  std: 13.40680726206196
scale:
  max: 8.90534063593671
  mean: 1.605230785404513
  median: 1.3464278663655627
  min: 0.0010482979279968774
  num_samples: 2678
  rmse: 2.0156677066004156
  std: 1.2190776960560763
trans:
  max: 0.13801738456405224
  mean: 0.07050429356727037
  median: 0.06825931921012082
  min: 0.004527779673271876
  num_samples: 2678
  rmse: 0.07467100618489289
  std: 0.024594791181151855
