rot:
  max: 179.99999999999997
  mean: 144.1056442888692
  median: 143.3647569475606
  min: 60.95602180299179
  num_samples: 2655
  rmse: 145.88130441261976
  std: 22.691810443800076
scale:
  max: 2.5819538019487
  mean: 0.3052837612553425
  median: 0.225360749488146
  min: 0.0001558806725365791
  num_samples: 2655
  rmse: 0.41609288516088616
  std: 0.2827279862258093
trans:
  max: 0.09062367480501829
  mean: 0.010716265249156897
  median: 0.009367601981959513
  min: 0.000197211663560476
  num_samples: 2655
  rmse: 0.01266629159600158
  std: 0.006752525594520332
