rot:
  max: 153.52259775603503
  mean: 87.24753180299228
  median: 88.05823453150312
  min: 40.93696665663353
  num_samples: 2673
  rmse: 88.2466462472815
  std: 13.24155459825984
scale:
  max: 23.852576068059996
  mean: 1.8506669845144996
  median: 1.4132309336468252
  min: 0.0037592026101651577
  num_samples: 2673
  rmse: 2.6460434338085026
  std: 1.8911841703094594
trans:
  max: 0.47378103713759095
  mean: 0.07883870044449434
  median: 0.06953916495337747
  min: 0.00197630199954093
  num_samples: 2673
  rmse: 0.090988573031424
  std: 0.04542443983714122
