rot:
  max: 153.68756125399
  mean: 86.60263091471089
  median: 88.38530850211085
  min: 37.782028960094024
  num_samples: 2751
  rmse: 87.60573852697136
  std: 13.219294289274496
scale:
  max: 85.71899387104558
  mean: 18.562904169086504
  median: 14.979413681507003
  min: 0.03726030808794967
  num_samples: 2751
  rmse: 24.761919359943136
  std: 16.38814325046122
trans:
  max: 1.042888753047154
  mean: 0.3602119088116334
  median: 0.29958402924032046
  min: 0.010469366701511173
  num_samples: 2751
  rmse: 0.42592962620324154
  std: 0.2272959023561848
