rot:
  max: 159.39485702703985
  mean: 85.92147089838532
  median: 87.42616148847443
  min: 34.76066253955962
  num_samples: 2736
  rmse: 87.00178433975127
  std: 13.667893654785264
scale:
  max: 45.58501386358916
  mean: 16.367381182406003
  median: 15.378521815111117
  min: 0.006260696881466021
  num_samples: 2736
  rmse: 19.18009728843145
  std: 9.999248232918147
trans:
  max: 1.8122576024526775
  mean: 0.761226244224176
  median: 0.7990666026431371
  min: 0.04516755160934696
  num_samples: 2736
  rmse: 0.8378005050668818
  std: 0.3499204072280995
