rot:
  max: 179.96505627827358
  mean: 141.4591412650551
  median: 140.7044314134431
  min: 60.17461930537399
  num_samples: 2519
  rmse: 143.22524533632202
  std: 22.42280656391741
scale:
  max: 2.4807730505080894
  mean: 0.3277515358146144
  median: 0.242087451334827
  min: 7.679807561000729e-05
  num_samples: 2519
  rmse: 0.44965714377695
  std: 0.307848140681093
trans:
  max: 0.25055625275104
  mean: 0.011435978025926342
  median: 0.009664036993421457
  min: 0.00041571533870191963
  num_samples: 2519
  rmse: 0.01518124186317717
  std: 0.009984413407847895
