rot:
  max: 152.2061683645087
  mean: 87.03655818673222
  median: 87.83186732380138
  min: 40.96522091529815
  num_samples: 2738
  rmse: 88.02008983039062
  std: 13.121499638288258
scale:
  max: 9.046981512467767
  mean: 2.0385293565994225
  median: 1.5382989271665592
  min: 0.0017674485497054526
  num_samples: 2738
  rmse: 2.6263531410552168
  std: 1.6559374637385795
trans:
  max: 0.22215739929336514
  mean: 0.07442405067274344
  median: 0.06708008816151428
  min: 0.0049527686774816565
  num_samples: 2738
  rmse: 0.08229282193109694
  std: 0.03511650926336708
