rot:
  max: 150.54276482848522
  mean: 87.61028017770155
  median: 88.12876975629872
  min: 43.22176838182885
  num_samples: 2735
  rmse: 88.66389444032107
  std: 13.628095410182047
scale:
  max: 36.1146137841721
  mean: 14.20818511480149
  median: 13.842404652421681
  min: 0.003258542631390249
  num_samples: 2735
  rmse: 15.903178835876309
  std: 7.144128556331912
trans:
  max: 0.8802720354664663
  mean: 0.31188179017989076
  median: 0.2941060931244127
  min: 0.03699722143937534
  num_samples: 2735
  rmse: 0.3453525841444169
  std: 0.1483177545994177
