rot:
  max: 154.39719886769623
  mean: 90.77896553427342
  median: 89.08815289314349
  min: 43.343684545348225
  num_samples: 2678
  rmse: 91.75254537416771
  std: 13.330753885879599
scale:
  max: 317.2351592556314
  mean: 10.002250764616887
  median: 9.001920909722855
  min: 0.000983099061380166
  num_samples: 2678
  rmse: 18.7122086730784
  std: 15.814605055661414
trans:
  max: 6.161057048916779
  mean: 0.381004996810068
  median: 0.33063984650618183
  min: 0.010762523005710387
  num_samples: 2678
  rmse: 0.5635380291217453
  std: 0.41522319621160675
