rot:
  max: 152.47620976879034
  mean: 90.83852762298613
  median: 89.67556153728503
  min: 46.54524081216233
  num_samples: 2751
  rmse: 92.0119939325494
  std: 14.648171446685197
scale:
  max: 28.30462112351999
  mean: 10.327052159973894
  median: 9.459567377560685
  min: 0.014004965238156863
  num_samples: 2751
  rmse: 11.82160878043679
  std: 5.753470938735938
trans:
  max: 0.4649849102899951
  mean: 0.20311325791086046
  median: 0.18950967673791236
  min: 0.009273161337111329
  num_samples: 2751
  rmse: 0.222305392218621
  std: 0.09035868453176545
