rot:
  max: 179.98764972276905
  mean: 169.02627926168822
  median: 171.65343034470888
  min: 135.73873848586683
  num_samples: 2671
  rmse: 169.27966510790463
  std: 9.258614258847732
scale:
  max: 22.284668559625466
  mean: 0.4643609128642309
  median: 0.19753563460123136
  min: 0.0002968259812607954
  num_samples: 2671
  rmse: 1.4343359837765586
  std: 1.357088301091777
trans:
  max: 0.468586120270639
  mean: 0.013289307806898703
  median: 0.007167355290851233
  min: 0.0006394442604427429
  num_samples: 2671
  rmse: 0.03294423175432027
  std: 0.030144928327927187
