rot:
  max: 152.48688522168254
  mean: 86.74009714604809
  median: 88.66968210652888
  min: 37.393433683896305
  num_samples: 2751
  rmse: 87.74806219020277
  std: 13.261899005415104
scale:
  max: 87.08065884660436
  mean: 18.16502879651182
  median: 14.451019896517348
  min: 0.033951228799078415
  num_samples: 2751
  rmse: 24.492707421680933
  std: 16.429377519125932
trans:
  max: 1.057646566120557
  mean: 0.3563387894235987
  median: 0.29584221701773933
  min: 0.022974038932998486
  num_samples: 2751
  rmse: 0.4178501890427327
  std: 0.21822338929448354
