rot:
  max: 179.99590686167295
  mean: 144.05816589545464
  median: 143.26725274855542
  min: 60.93105890527242
  num_samples: 2654
  rmse: 145.83587738295375
  std: 22.701276856017547
scale:
  max: 14.230639289416935
  mean: 0.39225511326331614
  median: 0.27251461080048944
  min: 1.7397011076170088e-05
  num_samples: 2654
  rmse: 0.7099984806488395
  std: 0.5918055158938993
trans:
  max: 0.3006709907789589
  mean: 0.013251766000923426
  median: 0.0109616765491189
  min: 0.0003955699251914574
  num_samples: 2654
  rmse: 0.018192582407176926
  std: 0.012464379346710117
