rot:
  max: 153.51102773381834
  mean: 87.33913555436533
  median: 88.13198469178093
  min: 40.762289015680786
  num_samples: 2672
  rmse: 88.35395966917913
  std: 13.352812057358316
scale:
  max: 9.71443699897222
  mean: 1.6597891822873503
  median: 1.4401135140207577
  min: 0.0005474736763932952
  num_samples: 2672
  rmse: 2.11644131501595
  std: 1.3131731455784248
trans:
  max: 0.1726952602871161
  mean: 0.0710205925152058
  median: 0.06868358257175328
  min: 0.008302772433817359
  num_samples: 2672
  rmse: 0.07601019732070974
  std: 0.027085522618593306
