rot:
  max: 179.9952185391888
  mean: 168.73860398334293
  median: 171.46196240605354
  min: 134.12201670653465
  num_samples: 2735
  rmse: 169.02344527285285
  std: 9.808597129949518
scale:
  max: 36.33514806546193
  mean: 14.315320110653921
  median: 14.436496473769033
  min: 0.0009937127214643127
  num_samples: 2735
  rmse: 16.101887613175325
  std: 7.371729433235957
trans:
  max: 0.8454075980853218
  mean: 0.31107820065111214
  median: 0.29366825033246047
  min: 0.05227182441182252
  num_samples: 2735
  rmse: 0.34400506530443936
  std: 0.1468667356305642
