rot:
  max: 179.9983137270383
  mean: 144.09043793858098
  median: 143.3167376802799
  min: 60.97785648470242
  num_samples: 2654
  rmse: 145.86533225648324
  std: 22.685697012922965
scale:
  max: 17.302076229104646
  mean: 0.3918103722604223
  median: 0.2574770815464589
  min: 0.00010937362573404386
  num_samples: 2654
  rmse: 0.8443063812822037
  std: 0.7478889607842858
trans:
  max: 0.36849020972889807
  mean: 0.01272183358913918
  median: 0.010191740459204493
  min: 0.0004938984856110315
  num_samples: 2654
  rmse: 0.02022456535859672
  std: 0.015722213396160204
