rot:
  max: 150.66555474362957
  mean: 89.85135781120465
  median: 89.20682941607862
  min: 44.30294283250366
  num_samples: 2751
  rmse: 91.00805140558028
  std: 14.463710454913473
scale:
  max: 30.879723079631205
  mean: 11.629222125846876
  median: 10.423315614409612
  min: 0.009567892763517882
  num_samples: 2751
  rmse: 13.41737748342271
  std: 6.692324803860911
trans:
  max: 0.6358841912336356
  mean: 0.24462224486594483
  median: 0.22029565442631455
  min: 0.027517578379447877
  num_samples: 2751
  rmse: 0.2745974038521113
  std: 0.12475452504444562
