rot:
  max: 152.08603189714032
  mean: 87.0729398097286
  median: 87.75278367402262
  min: 41.532298224623666
  num_samples: 2738
  rmse: 88.05629881368772
  std: 13.123067997112758
scale:
  max: 6.031765034064307
  mean: 1.7385527843848634
  median: 1.619232023930467
  min: 0.0024290910785040865
  num_samples: 2738
  rmse: 2.11233441408137
  std: 1.1997461784978176
trans:
  max: 0.19803627494433435
  mean: 0.07438719995496357
  median: 0.06740563398419812
  min: 0.004629438461897771
  num_samples: 2738
  rmse: 0.08138111786889828
  std: 0.03300652705832256
