rot:
  max: 153.61556641000652
  mean: 86.43442358519184
  median: 88.70802396353899
  min: 35.26439212657874
  num_samples: 2735
  rmse: 87.48920562676602
  std: 13.544427662259652
scale:
  max: 98.26455755278842
  mean: 22.419980441745388
  median: 19.265724508392946
  min: 0.004647668995394483
  num_samples: 2735
  rmse: 28.944309614367903
  std: 18.306215776182253
trans:
  max: 1.239733447897404
  mean: 0.4633676901474319
  median: 0.39463532871331203
  min: 0.04770522346940023
  num_samples: 2735
  rmse: 0.5285698885243487
  std: 0.254315769825774
