rot:
  max: 151.8372653721452
  mean: 87.0174501002918
  median: 87.78757910342425
  min: 41.2457981277351
  num_samples: 2734
  rmse: 88.00221796434256
  std: 13.12835651126515
scale:
  max: 7.217687375432935
  mean: 2.5097985751655316
  median: 2.283976721393932
  min: 0.0012665944581380373
  num_samples: 2734
  rmse: 3.073465730690406
  std: 1.774007528119705
trans:
  max: 0.26867570878869185
  mean: 0.095461052646978
  median: 0.0950952724611146
  min: 0.002005666824397762
  num_samples: 2734
  rmse: 0.10317522139256796
  std: 0.039144779178535434
