rot:
  max: 179.99412636050369
  mean: 141.52416651413884
  median: 141.688109992435
  min: 63.008083505192374
  num_samples: 2618
  rmse: 143.284526013343
  std: 22.391196648386213
scale:
  max: 5.716388128044292
  mean: 0.2111544939200157
  median: 0.15041635818633936
  min: 9.631991360059544e-06
  num_samples: 2618
  rmse: 0.37113893515335666
  std: 0.3052177728838043
trans:
  max: 0.21815957235213532
  mean: 0.008128807650760272
  median: 0.006515132280207574
  min: 0.000550333427977865
  num_samples: 2618
  rmse: 0.013080017961098991
  std: 0.01024740728377735
