rot:
  max: 152.49321009930628
  mean: 88.07630985937375
  median: 87.17646830807135
  min: 43.09648386077237
  num_samples: 2735
  rmse: 89.25417614251859
  std: 14.45239082073676
scale:
  max: 68.34807617153508
  mean: 19.99332080705741
  median: 19.079035449656722
  min: 0.0005420022871627239
  num_samples: 2735
  rmse: 23.213987870756785
  std: 11.79645522899693
trans:
  max: 1.7241011396612904
  mean: 0.7417144832946136
  median: 0.7852385925895897
  min: 0.011792765323601668
  num_samples: 2735
  rmse: 0.8154383571133793
  std: 0.3388205122520932
