rot:
  max: 179.99481066011484
  mean: 143.47505206348328
  median: 142.87679891498942
  min: 59.787130356288706
  num_samples: 2665
  rmse: 145.31834578396573
  std: 23.072300638839714
scale:
  max: 9.271071200155257
  mean: 0.2928958721351179
  median: 0.19596883403270038
  min: 4.96631366031508e-06
  num_samples: 2665
  rmse: 0.5202506118981214
  std: 0.42996826309226466
trans:
  max: 0.2118907603860475
  mean: 0.009825227242892939
  median: 0.007903431903753732
  min: 0.0006087376757408794
  num_samples: 2665
  rmse: 0.013856931326229331
  std: 0.009771358933400752
