rot:
  max: 151.62676058243628
  mean: 87.78888873972525
  median: 88.347991187232
  min: 43.29186365916404
  num_samples: 2734
  rmse: 88.79793149926776
  std: 13.348544954143666
scale:
  max: 19.16927893704773
  mean: 9.519649010315948
  median: 9.777353600164762
  min: 0.007354171427853551
  num_samples: 2734
  rmse: 10.423332367828268
  std: 4.245249152948162
trans:
  max: 0.40208459140425873
  mean: 0.20545268987319534
  median: 0.2016647120143229
  min: 0.04945289391368438
  num_samples: 2734
  rmse: 0.21831595874141202
  std: 0.07383122689655468
