rot:
  max: 151.81997169521821
  mean: 86.85311821481127
  median: 87.90856996163093
  min: 39.89058564620478
  num_samples: 2735
  rmse: 87.83674934465056
  std: 13.108409201692405
scale:
  max: 33.81082263986443
  mean: 6.1197170326476495
  median: 4.043623897103621
  min: 0.002414382946025473
  num_samples: 2735
  rmse: 9.335761016796448
  std: 7.0502125643882865
trans:
  max: 0.5015540664936323
  mean: 0.16144824774745037
  median: 0.12619653974562337
  min: 0.009060896075685599
  num_samples: 2735
  rmse: 0.19509488179207424
  std: 0.10952842645058555
