rot:
  max: 179.99487114294658
  mean: 154.25333608013568
  median: 158.47421718973334
  min: 81.43554392102831
  num_samples: 2387
  rmse: 155.38788648977268
  std: 18.743094085747945
scale:
  max: 58.8728839517354
  mean: 18.89073933684258
  median: 18.963749865780677
  min: 0.03930669670977327
  num_samples: 2387
  rmse: 21.577330915305406
  std: 10.42694474599645
trans:
  max: 2.0725110602832326
  mean: 0.872067172799755
  median: 0.852378371599469
  min: 0.09183505892111908
  num_samples: 2387
  rmse: 0.9314485257563556
  std: 0.327254033219959
