rot:
  max: 179.99181274242557
  mean: 141.2187228709781
  median: 141.3531997922812
  min: 61.24002620150019
  num_samples: 2616
  rmse: 143.02340844580914
  std: 22.64878968392465
scale:
  max: 2.323493152496947
  mean: 0.33672125691189536
  median: 0.2581838688885729
  min: 0.0003023693747827849
  num_samples: 2616
  rmse: 0.4567865589577529
  std: 0.30866285100111807
trans:
  max: 0.11102035220615321
  mean: 0.011304360636413987
  median: 0.00972857038138767
  min: 0.0001913925164809543
  num_samples: 2616
  rmse: 0.013886135909505829
  std: 0.00806450253265268
