rot:
  max: 148.40566652200727
  mean: 88.5177817140292
  median: 88.58594537356757
  min: 38.47481383801098
  num_samples: 2673
  rmse: 89.50127870986229
  std: 13.231825691411615
scale:
  max: 212.83745824671598
  mean: 11.67526301338409
  median: 9.570327272992252
  min: 0.010627081125758053
  num_samples: 2673
  rmse: 21.009004235252792
  std: 17.466152768288016
trans:
  max: 4.544813041413064
  mean: 0.4194838320739637
  median: 0.3701255934317282
  min: 0.01422028804449348
  num_samples: 2673
  rmse: 0.624821523379332
  std: 0.46307153951264673
