rot:
  max: 152.74572261829348
  mean: 87.43019279080835
  median: 88.13802773816964
  min: 41.4324659193789
  num_samples: 2751
  rmse: 88.43028765205342
  std: 13.26186875168762
scale:
  max: 20.487873134409405
  mean: 5.59000902396011
  median: 5.213205775285479
  min: 0.0018440463356972359
  num_samples: 2751
  rmse: 6.710091079190167
  std: 3.711754491217323
trans:
  max: 0.527838910876694
  mean: 0.14502952798955457
  median: 0.13136609332440796
  min: 0.017848281174443422
  num_samples: 2751
  rmse: 0.16418891487513051
  std: 0.07697035649521126
