rot:
  max: 179.95535920510258
  mean: 144.22810966651588
  median: 143.26759920190028
  min: 61.90472923716045
  num_samples: 2598
  rmse: 145.92556842123537
  std: 22.19287951312618
scale:
  max: 23.047359544827174
  mean: 0.6279972648043758
  median: 0.4432611489921301
  min: 0.0001880822627975398
  num_samples: 2598
  rmse: 1.2222595364020241
  std: 1.048588484451321
trans:
  max: 1.3843234622291904
  mean: 0.022095202674906386
  median: 0.01638826309906468
  min: 0.0009442814509656467
  num_samples: 2598
  rmse: 0.05767272612732245
  std: 0.053272369552254256
