rot:
  max: 150.77642707162605
  mean: 87.61022265042628
  median: 88.1675787521732
  min: 43.27789591783028
  num_samples: 2735
  rmse: 88.65551936389176
  std: 13.5738719908548
scale:
  max: 29.071692857729893
  mean: 11.892615626125284
  median: 11.89362678402006
  min: 0.031958136123733105
  num_samples: 2735
  rmse: 13.19250278338535
  std: 5.710326020366167
trans:
  max: 0.6037647120624824
  mean: 0.2508292015086713
  median: 0.2401185941914796
  min: 0.0459716028279026
  num_samples: 2735
  rmse: 0.2699507233761991
  std: 0.09979030374668435
