rot:
  max: 151.9872040552797
  mean: 88.01248772300976
  median: 88.59637726357073
  min: 43.03999586017489
  num_samples: 2734
  rmse: 89.02531212410182
  std: 13.390601315878687
scale:
  max: 21.54917933561251
  mean: 9.178875993396693
  median: 9.366545618951605
  min: 0.17242701355331125
  num_samples: 2734
  rmse: 10.094515576169602
  std: 4.20089040744659
trans:
  max: 0.4137654876420078
  mean: 0.2005142401807686
  median: 0.1989528271403042
  min: 0.0500341511774638
  num_samples: 2734
  rmse: 0.21307442566230328
  std: 0.0720746165862125
