rot:
  max: 153.42054254539048
  mean: 85.51790070395887
  median: 88.06040968221502
  min: 31.073960891065838
  num_samples: 2752
  rmse: 86.7599122313507
  std: 14.62774861622659
scale:
  max: 109.09405239833512
  mean: 28.563217771006325
  median: 27.08203197722342
  min: 0.028849679604747713
  num_samples: 2752
  rmse: 34.52149391207508
  std: 19.387525176966427
trans:
  max: 1.419127076315312
  mean: 0.6534194687186452
  median: 0.6025768182706259
  min: 0.04810897206700706
  num_samples: 2752
  rmse: 0.7039372755188023
  std: 0.2618600499585172
