rot:
  max: 152.5566581394033
  mean: 88.32760339326153
  median: 88.6743210269052
  min: 43.721124554007936
  num_samples: 2735
  rmse: 89.39491725196486
  std: 13.772643511263704
scale:
  max: 41.47186947999549
  mean: 16.132294541472035
  median: 16.513782638413353
  min: 0.04780313776857614
  num_samples: 2735
  rmse: 18.071793897857923
  std: 8.144863873254492
trans:
  max: 1.0608926549593765
  mean: 0.3810308812593125
  median: 0.36745339731584226
  min: 0.04058187379480998
  num_samples: 2735
  rmse: 0.4196749569676365
  std: 0.17590490906321948
