rot:
  max: 151.74076004854518
  mean: 87.06732544406248
  median: 87.90777815693512
  min: 40.617316679262075
  num_samples: 2735
  rmse: 88.05393157022337
  std: 13.144417255675291
scale:
  max: 15.275760345381052
  mean: 3.5691540331195095
  median: 2.6286796119063593
  min: 0.005412581923280868
  num_samples: 2735
  rmse: 4.763856114748785
  std: 3.1552281327815472
trans:
  max: 0.30663294416334874
  mean: 0.10756324769230191
  median: 0.09219755262667063
  min: 0.008632055299566276
  num_samples: 2735
  rmse: 0.12042465130144242
  std: 0.05415020209526924
