rot:
  max: 151.5777710173743
  mean: 86.81713402763862
  median: 88.03985564024978
  min: 39.407838553979786
  num_samples: 2735
  rmse: 87.80192897274416
  std: 13.113503367210582
scale:
  max: 40.24144065524003
  mean: 7.3976743269698115
  median: 4.829361223826645
  min: 0.00016263608362265813
  num_samples: 2735
  rmse: 11.0217645682723
  std: 8.170294287876935
trans:
  max: 0.5642726230530127
  mean: 0.17447111187976472
  median: 0.1379955708602248
  min: 0.0075480006774312595
  num_samples: 2735
  rmse: 0.21518348892133146
  std: 0.1259514391493622
