rot:
  max: 152.25925047214574
  mean: 86.99199203666302
  median: 87.86509741852535
  min: 40.88700254406155
  num_samples: 2738
  rmse: 87.97250754570554
  std: 13.097916069831603
scale:
  max: 9.421942072961675
  mean: 2.0555816879109767
  median: 1.5538655469337304
  min: 0.0007946633316269214
  num_samples: 2738
  rmse: 2.598259819085911
  std: 1.5891941391162367
trans:
  max: 0.18369613115135314
  mean: 0.07431197907221182
  median: 0.06640270435217972
  min: 0.006917968885635295
  num_samples: 2738
  rmse: 0.0814550460694233
  std: 0.0333564730830917
