rot:
  max: 179.99340703478185
  mean: 144.06450353412149
  median: 143.25152952886708
  min: 60.92288923958966
  num_samples: 2654
  rmse: 145.84302741863803
  std: 22.70699161273157
scale:
  max: 19.70580480843507
  mean: 0.4725699511351058
  median: 0.32916913230103817
  min: 0.0003074861374630089
  num_samples: 2654
  rmse: 0.8945887465824081
  std: 0.7595832191380014
trans:
  max: 0.4060905142035281
  mean: 0.01459100647089632
  median: 0.012094075515326758
  min: 0.0007723789996207887
  num_samples: 2654
  rmse: 0.02133875613549174
  std: 0.015570646857990504
