rot:
  max: 179.97594922163037
  mean: 144.05272769724652
  median: 143.24243937602333
  min: 60.93599137049225
  num_samples: 2655
  rmse: 145.8323996686394
  std: 22.713441749252436
scale:
  max: 7.562032235739435
  mean: 0.4531976409131306
  median: 0.33279361329847656
  min: 3.387675119315148e-05
  num_samples: 2655
  rmse: 0.6486549087462689
  std: 0.46407444328620756
trans:
  max: 0.17358061906215042
  mean: 0.01442369683216712
  median: 0.012539816772558306
  min: 0.0005779440263597742
  num_samples: 2655
  rmse: 0.01736134574966224
  std: 0.009662985870477493
