rot:
  max: 152.31194742226137
  mean: 87.10863881031985
  median: 87.88437613613146
  min: 41.36279999401137
  num_samples: 2738
  rmse: 88.09045337794313
  std: 13.115373458075997
scale:
  max: 5.121617039480086
  mean: 1.498008696417002
  median: 1.3681388231537361
  min: 0.0017192036824598134
  num_samples: 2738
  rmse: 1.8368485386438047
  std: 1.063006349640918
trans:
  max: 0.1868069212882749
  mean: 0.06698644690779594
  median: 0.06285001434594403
  min: 0.008199095198024895
  num_samples: 2738
  rmse: 0.07438954877007194
  std: 0.03235152078162551
