rot:
  max: 179.99866136076096
  mean: 143.42655534816893
  median: 142.85598176458961
  min: 59.70430490723646
  num_samples: 2665
  rmse: 145.27624308796794
  std: 23.108656964717955
scale:
  max: 16.724639553454313
  mean: 0.5867048709251874
  median: 0.42489341378759704
  min: 0.0002571855626465336
  num_samples: 2665
  rmse: 0.9697145573266738
  std: 0.7720904850624235
trans:
  max: 0.3475360700347173
  mean: 0.01743417589350521
  median: 0.014794115751129617
  min: 0.0008357312244615282
  num_samples: 2665
  rmse: 0.02398964974746047
  std: 0.01647885936344352
