rot:
  max: 153.74562473781643
  mean: 87.26216781773996
  median: 88.07184033859646
  min: 40.992642202414636
  num_samples: 2676
  rmse: 88.26625397242591
  std: 13.27575451992776
scale:
  max: 13.145924520101671
  mean: 1.65327478893292
  median: 1.3669269292611808
  min: 5.342411666386937e-05
  num_samples: 2676
  rmse: 2.1263555537267864
  std: 1.3371875011170147
trans:
  max: 0.2602538462644526
  mean: 0.07146002513351556
  median: 0.06818550831767056
  min: 0.002923286163565109
  num_samples: 2676
  rmse: 0.07662168098889809
  std: 0.027646822701384785
