rot:
  max: 179.94364041867962
  mean: 145.06894156844592
  median: 144.16878726699508
  min: 72.75886376985228
  num_samples: 2557
  rmse: 146.38666428326883
  std: 19.59738942291319
scale:
  max: 208.93251533204787
  mean: 1.3486382280680351
  median: 0.9078873113860464
  min: 0.0008620284339788675
  num_samples: 2557
  rmse: 6.7067271168505815
  std: 6.569730858238583
trans:
  max: 4.916869988590827
  mean: 0.04683542246917958
  median: 0.033889176164297416
  min: 0.001302793826548558
  num_samples: 2557
  rmse: 0.19656928133597723
  std: 0.19090816003271274
