rot:
  max: 179.99813023545883
  mean: 168.91154319497568
  median: 171.97351775040096
  min: 135.74859256747138
  num_samples: 2735
  rmse: 169.18227646990837
  std: 9.567300927238447
scale:
  max: 44.71171609604332
  mean: 16.581190853758553
  median: 16.670669145704952
  min: 0.0003498560326109512
  num_samples: 2735
  rmse: 19.21355327729726
  std: 9.70694284575602
trans:
  max: 1.30577216289479
  mean: 0.42732930146770653
  median: 0.4112192655553128
  min: 0.04893841524184818
  num_samples: 2735
  rmse: 0.480770070600798
  std: 0.22029418715122426
