rot:
  max: 179.99720752674227
  mean: 168.99978978386136
  median: 171.61071583626796
  min: 135.38845097793
  num_samples: 2672
  rmse: 169.2537849692076
  std: 9.269022570556018
scale:
  max: 3.046037782524802
  mean: 0.44751499878039963
  median: 0.3295212641647005
  min: 0.0003692233905172593
  num_samples: 2672
  rmse: 0.617105784388569
  std: 0.4249116084462868
trans:
  max: 0.06663283111383232
  mean: 0.014572428512317192
  median: 0.011912123492741417
  min: 0.0006942173649592465
  num_samples: 2672
  rmse: 0.017393279251763646
  std: 0.009495814361245507
