rot:
  max: 179.9924619851902
  mean: 143.48709018484504
  median: 142.87184130914085
  min: 59.7665760891153
  num_samples: 2665
  rmse: 145.33531194761497
  std: 23.10428205326223
scale:
  max: 25.706618352842202
  mean: 0.4662016881128848
  median: 0.24935641107968198
  min: 0.00021610760694290576
  num_samples: 2665
  rmse: 1.6678154507183214
  std: 1.6013320591480846
trans:
  max: 0.5600855949635843
  mean: 0.01399917404290253
  median: 0.009289924436839144
  min: 0.0006581798249609746
  num_samples: 2665
  rmse: 0.03876500084763788
  std: 0.03614897532204598
