rot:
  max: 152.1146676622816
  mean: 87.34721537986974
  median: 87.96156324655041
  min: 41.886300114860404
  num_samples: 2751
  rmse: 88.33802364298843
  std: 13.193573683116973
scale:
  max: 17.888771598081334
  mean: 5.389679629971
  median: 5.41360654134464
  min: 0.00038071383470228426
  num_samples: 2751
  rmse: 6.178742780166258
  std: 3.0212937344343587
trans:
  max: 0.49104218996939075
  mean: 0.1354852075982007
  median: 0.1312342627419041
  min: 0.01030613012340869
  num_samples: 2751
  rmse: 0.149352784357741
  std: 0.06284912662465841
