rot:
  max: 152.8315889255386
  mean: 88.0689518979078
  median: 88.40175512802546
  min: 43.888247117149916
  num_samples: 2751
  rmse: 89.11171818605851
  std: 13.592572592247532
scale:
  max: 33.90929440374939
  mean: 11.861288106970056
  median: 12.235369661798966
  min: 0.009791517269319705
  num_samples: 2751
  rmse: 13.530089918078293
  std: 6.509468306608043
trans:
  max: 0.8855810371357818
  mean: 0.2823534416366949
  median: 0.2642160699565976
  min: 0.019306407545592756
  num_samples: 2751
  rmse: 0.3180169056357134
  std: 0.14632595896158537
