rot:
  max: 179.9839364855436
  mean: 143.49400185780829
  median: 142.92229037993647
  min: 59.83021381501081
  num_samples: 2665
  rmse: 145.341831590693
  std: 23.102368730688216
scale:
  max: 25.711944803659026
  mean: 0.48739386120318584
  median: 0.2533456330493955
  min: 0.0003579456242519541
  num_samples: 2665
  rmse: 1.7419138650033212
  std: 1.6723370285777526
trans:
  max: 0.5594977702357566
  mean: 0.014832727065045917
  median: 0.010211761784392114
  min: 0.00016256019507132827
  num_samples: 2665
  rmse: 0.040390226619992475
  std: 0.03756807972505652
