rot:
  max: 152.49930486571336
  mean: 86.83273707419126
  median: 87.94366424418737
  min: 39.64416148803218
  num_samples: 2751
  rmse: 87.81144532078774
  std: 13.07385564896824
scale:
  max: 32.63455164749607
  mean: 6.332106810246062
  median: 4.221332000145406
  min: 0.008341280073764779
  num_samples: 2751
  rmse: 9.194617926562296
  std: 6.666739994862273
trans:
  max: 0.4317988637008668
  mean: 0.13880110564854445
  median: 0.10915637348588224
  min: 0.010234603973498962
  num_samples: 2751
  rmse: 0.16719921869486767
  std: 0.09321926733736852
