rot:
  max: 153.3110142563259
  mean: 86.29329445793145
  median: 88.49764430833636
  min: 35.73899175110857
  num_samples: 2752
  rmse: 87.35180394258992
  std: 13.557469661459754
scale:
  max: 97.51765601522106
  mean: 21.922352050598747
  median: 17.67697539528541
  min: 0.01066881493905214
  num_samples: 2752
  rmse: 28.62293155626895
  std: 18.40333370464346
trans:
  max: 1.2617803090249617
  mean: 0.466520075706552
  median: 0.3987223218749757
  min: 0.04822939830720335
  num_samples: 2752
  rmse: 0.532186198206514
  std: 0.2560882045785316
