rot:
  max: 179.99920864110962
  mean: 168.2044894321524
  median: 170.8847962213013
  min: 135.68589764981684
  num_samples: 2676
  rmse: 168.5072231455682
  std: 10.096236283847414
scale:
  max: 47.61506938474385
  mean: 1.3327459195213314
  median: 0.7070456057576835
  min: 0.00019223583902494568
  num_samples: 2676
  rmse: 3.308192792494475
  std: 3.0278586272003603
trans:
  max: 1.4204204654618333
  mean: 0.06626499325914294
  median: 0.03005078372226405
  min: 0.0012241202876919594
  num_samples: 2676
  rmse: 0.16499567928957184
  std: 0.15110435087247787
