rot:
  max: 152.19663519471808
  mean: 86.89432258359619
  median: 87.99657490212549
  min: 40.195830493322674
  num_samples: 2751
  rmse: 87.87096496258458
  std: 13.064577535982572
scale:
  max: 23.034292788913625
  mean: 4.229172161155074
  median: 2.642195230868305
  min: 0.0007060500492261923
  num_samples: 2751
  rmse: 6.389325155195655
  std: 4.78931923869425
trans:
  max: 0.3571069221538355
  mean: 0.11266060973160505
  median: 0.09423239063135959
  min: 0.012189187964144796
  num_samples: 2751
  rmse: 0.13166586552394682
  std: 0.06814313728522489
