rot:
  max: 151.92461459681414
  mean: 86.92644765310612
  median: 88.12869285791753
  min: 39.54336716949262
  num_samples: 2735
  rmse: 87.91128251828745
  std: 13.121977458522434
scale:
  max: 36.77886006613249
  mean: 7.08285743096301
  median: 4.883768529075095
  min: 0.003188815280519286
  num_samples: 2735
  rmse: 10.3999252449552
  std: 7.615220004261768
trans:
  max: 0.48914625752853064
  mean: 0.16288351843578916
  median: 0.1254711327853154
  min: 0.022794017562856917
  num_samples: 2735
  rmse: 0.19483374455946578
  std: 0.1069071907826649
