rot:
  max: 179.99986931826456
  mean: 143.86064862449285
  median: 142.94246880014663
  min: 61.02877919564923
  num_samples: 2602
  rmse: 145.59036581936323
  std: 22.37562058929683
scale:
  max: 41.41168426878783
  mean: 0.5419837869039981
  median: 0.35316475483851417
  min: 2.1797472782303373e-05
  num_samples: 2602
  rmse: 1.4208404493565439
  std: 1.3134082218643637
trans:
  max: 1.6696613541095386
  mean: 0.01862421333841177
  median: 0.013673764922839716
  min: 0.0008223918727485121
  num_samples: 2602
  rmse: 0.05500429890612681
  std: 0.05175530480713898
