rot:
  max: 153.49774474423575
  mean: 87.24980012671058
  median: 88.00062514807945
  min: 41.145487006592944
  num_samples: 2675
  rmse: 88.2459503873964
  std: 13.221956648842566
scale:
  max: 12.533155312983856
  mean: 1.9302888440631218
  median: 1.4374478053625017
  min: 5.8814575021326476e-05
  num_samples: 2675
  rmse: 2.595183035027151
  std: 1.7346353979376177
trans:
  max: 0.28583614435589205
  mean: 0.07565945495989763
  median: 0.06961580256995574
  min: 0.00497605785759425
  num_samples: 2675
  rmse: 0.0857571751416619
  std: 0.04037251495075447
