rot:
  max: 179.99819869800703
  mean: 143.43373748790665
  median: 142.78420386174045
  min: 59.74624123334812
  num_samples: 2665
  rmse: 145.28126438421629
  std: 23.095643124340732
scale:
  max: 15.724829480362034
  mean: 0.515248059077614
  median: 0.362837218758183
  min: 8.694320641211561e-06
  num_samples: 2665
  rmse: 0.8978275041516589
  std: 0.7352643503039911
trans:
  max: 0.343688857686883
  mean: 0.016534571980611527
  median: 0.013770877690874508
  min: 0.0007182875473684947
  num_samples: 2665
  rmse: 0.02314201026478296
  std: 0.01619137327447227
