rot:
  max: 179.99166666630603
  mean: 144.08795084331553
  median: 143.29502637467397
  min: 61.00974486775043
  num_samples: 2654
  rmse: 145.86256108062517
  std: 22.683675777382827
scale:
  max: 11.184169702735836
  mean: 0.42869879525219784
  median: 0.3180465852929637
  min: 0.00048037208653095576
  num_samples: 2654
  rmse: 0.6933003376670654
  std: 0.5448694349645461
trans:
  max: 0.22767174486969316
  mean: 0.014005343992326195
  median: 0.011851051103441802
  min: 0.0005054701443259072
  num_samples: 2654
  rmse: 0.018210256442963806
  std: 0.011638890813781073
