rot:
  max: 152.42009907837146
  mean: 88.76118758062066
  median: 88.95621543216025
  min: 40.64643686315865
  num_samples: 2675
  rmse: 89.83635155492574
  std: 13.857187303998058
scale:
  max: 70.08875824657994
  mean: 5.239417489931469
  median: 3.2280371374838968
  min: 0.005569949687012077
  num_samples: 2675
  rmse: 10.041047862772958
  std: 8.565695917361168
trans:
  max: 1.8047592189097477
  mean: 0.17074714609749744
  median: 0.11410850954021426
  min: 0.007759178659462681
  num_samples: 2675
  rmse: 0.29270058565814333
  std: 0.2377373444458819
