rot:
  max: 153.3738258343672
  mean: 87.27016241027377
  median: 88.0900041950054
  min: 41.16082300250065
  num_samples: 2671
  rmse: 88.26596011936331
  std: 13.221137193051339
scale:
  max: 5.0916610061647605
  mean: 1.49661901458613
  median: 1.280557388714454
  min: 0.0003502010146316792
  num_samples: 2671
  rmse: 1.867083839081415
  std: 1.116303537277492
trans:
  max: 0.13691987911193437
  mean: 0.06808331314379411
  median: 0.06564421281445439
  min: 0.006056725588928231
  num_samples: 2671
  rmse: 0.0720334513415162
  std: 0.023526168058879835
