rot:
  max: 179.99002951794216
  mean: 167.56139794272303
  median: 170.4758710034659
  min: 122.31967643193744
  num_samples: 2676
  rmse: 167.90189321388203
  std: 10.687547159487313
scale:
  max: 532.7012788960031
  mean: 17.500262038551465
  median: 15.722704157904332
  min: 0.016807036533572628
  num_samples: 2676
  rmse: 27.991227625509758
  std: 21.846044323060728
trans:
  max: 8.01081933225091
  mean: 0.640093893659472
  median: 0.6007249695311876
  min: 0.039408486265428026
  num_samples: 2676
  rmse: 0.8106799581964665
  std: 0.49747542845982007
