rot:
  max: 179.97561617053108
  mean: 143.37533076748346
  median: 142.8015293989804
  min: 59.64640958142586
  num_samples: 2666
  rmse: 145.2287678062549
  std: 23.128111160183387
scale:
  max: 3.8253151679614406
  mean: 0.657711695359907
  median: 0.4945907587259768
  min: 3.619172004309945e-05
  num_samples: 2666
  rmse: 0.8746330528988984
  std: 0.5765399405158709
trans:
  max: 0.07465941322172712
  mean: 0.019278164182871437
  median: 0.01744077993086146
  min: 0.0009455583115636993
  num_samples: 2666
  rmse: 0.022280351689007355
  std: 0.011169890649603716
