rot:
  max: 153.63572236897895
  mean: 87.32992744774671
  median: 88.11861681054957
  min: 40.78730538268139
  num_samples: 2677
  rmse: 88.34459812621782
  std: 13.351096960708658
scale:
  max: 20.485905149735473
  mean: 1.6476766635152789
  median: 1.342248403542401
  min: 0.0010171528090574533
  num_samples: 2677
  rmse: 2.2588521497936935
  std: 1.545177869092989
trans:
  max: 0.42480735940725894
  mean: 0.07075291681391684
  median: 0.06727815064181265
  min: 0.007312665694491953
  num_samples: 2677
  rmse: 0.07698556738736456
  std: 0.030344725213410743
