rot:
  max: 153.91509229806468
  mean: 87.50193827599624
  median: 88.08209504212621
  min: 41.17901320421536
  num_samples: 2751
  rmse: 88.48393830114549
  std: 13.146031158668075
scale:
  max: 21.917239221751117
  mean: 7.467144028363524
  median: 7.157626943937345
  min: 0.008870735009103292
  num_samples: 2751
  rmse: 8.532298148374707
  std: 4.128180198638799
trans:
  max: 0.5729975974668614
  mean: 0.18381051384023878
  median: 0.17797574956942872
  min: 0.004918982396361283
  num_samples: 2751
  rmse: 0.20252372967217203
  std: 0.08502679625926436
