rot:
  max: 179.99730756946852
  mean: 168.93486046975687
  median: 171.84107643285012
  min: 137.9902680838407
  num_samples: 2734
  rmse: 169.21557419114237
  std: 9.742867488669406
scale:
  max: 13.297957801045591
  mean: 6.9106126569332345
  median: 7.205644839360053
  min: 0.02007197234092928
  num_samples: 2734
  rmse: 7.476389711402235
  std: 2.8530397513170778
trans:
  max: 0.22698194164338137
  mean: 0.12672167858915329
  median: 0.13099807772509736
  min: 0.021212720272517027
  num_samples: 2734
  rmse: 0.13212310979730535
  std: 0.037391607588576986
