rot:
  max: 151.62127760790398
  mean: 86.94794709621354
  median: 87.97180291468804
  min: 40.72666311670507
  num_samples: 2735
  rmse: 87.93287460129095
  std: 13.124211648720681
scale:
  max: 22.10652881034938
  mean: 4.02228243509071
  median: 2.5462383099730035
  min: 0.0010449866029604848
  num_samples: 2735
  rmse: 6.025525607703203
  std: 4.486446574010186
trans:
  max: 0.322806664695484
  mean: 0.11613118124422875
  median: 0.09631997492364368
  min: 0.011774354936560793
  num_samples: 2735
  rmse: 0.13121112633968607
  std: 0.06107297616908118
