rot:
  max: 153.9064614185702
  mean: 88.51710376249795
  median: 88.85085277127332
  min: 45.288009201044595
  num_samples: 2675
  rmse: 89.5062056632746
  std: 13.26963427286471
scale:
  max: 37.102114479108025
  mean: 2.43359137933387
  median: 1.4933587970543893
  min: 0.0026650677183770455
  num_samples: 2675
  rmse: 4.070051582774505
  std: 3.262353887130765
trans:
  max: 1.2668460589332387
  mean: 0.11570986250452428
  median: 0.08181755565811355
  min: 0.012144255824899482
  num_samples: 2675
  rmse: 0.1811281833633093
  std: 0.13935080382859877
