rot:
  max: 152.09038613972382
  mean: 86.82586587507826
  median: 87.90364279242819
  min: 40.31736510137399
  num_samples: 2751
  rmse: 87.80220591957081
  std: 13.057426215974768
scale:
  max: 19.960424238495623
  mean: 3.871099496202884
  median: 2.717705838080575
  min: 0.0009844993640539812
  num_samples: 2751
  rmse: 5.673013500521859
  std: 4.147007459313405
trans:
  max: 0.3027823590321661
  mean: 0.10174412700325695
  median: 0.08624469884935934
  min: 0.007540127262780286
  num_samples: 2751
  rmse: 0.11836591445753439
  std: 0.06048654665058549
