rot:
  max: 153.5946214722683
  mean: 87.26462949273487
  median: 88.09246170045292
  min: 40.830846361937056
  num_samples: 2676
  rmse: 88.27168643174231
  std: 13.29567843321777
scale:
  max: 16.092877214704227
  mean: 1.926791263869417
  median: 1.488462638097332
  min: 0.0015516073257559881
  num_samples: 2676
  rmse: 2.6356942677555772
  std: 1.7984325671417594
trans:
  max: 0.9141396782616914
  mean: 0.08533898029237205
  median: 0.07041490691060431
  min: 0.004812377499384197
  num_samples: 2676
  rmse: 0.11260377073138468
  std: 0.07346337608349053
