rot:
  max: 179.99856011827362
  mean: 144.1066855891891
  median: 143.37607270117024
  min: 60.9638829280622
  num_samples: 2655
  rmse: 145.88259949379102
  std: 22.693523383654238
scale:
  max: 8.130025792444773
  mean: 0.18793382746301185
  median: 0.1415821344040391
  min: 2.5869964281888258e-05
  num_samples: 2655
  rmse: 0.32292068774445776
  std: 0.26259978497412456
trans:
  max: 0.17079797847038072
  mean: 0.006948246386505326
  median: 0.005922938394235209
  min: 0.00024543811091935346
  num_samples: 2655
  rmse: 0.009184191235712251
  std: 0.006005933799714194
