rot:
  max: 153.0599306522604
  mean: 85.74875788582715
  median: 88.34099908298738
  min: 32.19771983062413
  num_samples: 2752
  rmse: 86.92921407645342
  std: 14.27721194728354
scale:
  max: 110.12470004435725
  mean: 28.988961485519763
  median: 27.156570023914547
  min: 0.03413998492944881
  num_samples: 2752
  rmse: 35.086077900313384
  std: 19.765449006230785
trans:
  max: 1.431352195698222
  mean: 0.6312984607368997
  median: 0.563059374049607
  min: 0.04543852121816008
  num_samples: 2752
  rmse: 0.6853685360974705
  std: 0.26681882194405077
