rot:
  max: 151.9876759148402
  mean: 86.98393623656001
  median: 87.83502124843176
  min: 40.99240318773845
  num_samples: 2734
  rmse: 87.96699102045102
  std: 13.114356483875754
scale:
  max: 7.044705649344585
  mean: 2.446094251715702
  median: 2.2951738263303323
  min: 0.002136411077602318
  num_samples: 2734
  rmse: 2.912517872557529
  std: 1.580943790806768
trans:
  max: 0.27482538611383694
  mean: 0.09434266949172353
  median: 0.0936732289431082
  min: 0.006761307823624172
  num_samples: 2734
  rmse: 0.1034614415023613
  std: 0.04247034955026771
