rot:
  max: 179.9993234746679
  mean: 168.9987036926645
  median: 171.62467883857641
  min: 135.1516992252927
  num_samples: 2672
  rmse: 169.2538903774914
  std: 9.290724305178404
scale:
  max: 4.303313817036569
  mean: 0.5918062524843339
  median: 0.41490458406756026
  min: 0.00036001948253705507
  num_samples: 2672
  rmse: 0.8551166782525361
  std: 0.6172437872883771
trans:
  max: 0.12018767762821683
  mean: 0.01882391415284398
  median: 0.014433622921992401
  min: 0.000881306970867458
  num_samples: 2672
  rmse: 0.024727625784997022
  std: 0.01603482874648842
