rot:
  max: 153.66027192589587
  mean: 87.26204603947286
  median: 88.04189859791204
  min: 40.941304413267
  num_samples: 2675
  rmse: 88.2680098553029
  std: 13.288223538937366
scale:
  max: 8.63269981946555
  mean: 1.5208876362031218
  median: 1.2674907798729373
  min: 0.0011386766147425398
  num_samples: 2675
  rmse: 1.9054514428093206
  std: 1.1478876247040068
trans:
  max: 0.17799536720009979
  mean: 0.06891730991409584
  median: 0.06729878973999442
  min: 0.004336998072022031
  num_samples: 2675
  rmse: 0.07284471424738345
  std: 0.023595694267967995
