rot:
  max: 179.99999999999747
  mean: 168.94975855115337
  median: 171.8477798590682
  min: 138.1050320459788
  num_samples: 2734
  rmse: 169.22957127021877
  std: 9.727634748952532
scale:
  max: 12.970798517808358
  mean: 7.844914442747237
  median: 8.685014896399174
  min: 0.00013939980023636167
  num_samples: 2734
  rmse: 8.425808625730667
  std: 3.0743403167855496
trans:
  max: 0.23627185555496397
  mean: 0.1392831471435845
  median: 0.145659324057223
  min: 0.02169345883945622
  num_samples: 2734
  rmse: 0.14489892458550274
  std: 0.03994875802592364
