rot:
  max: 151.48566835014492
  mean: 87.74389405940421
  median: 88.12627010443492
  min: 43.045902166217274
  num_samples: 2751
  rmse: 88.76717907598967
  std: 13.439536316438314
scale:
  max: 22.19777819690948
  mean: 8.045050121638077
  median: 7.633113692335258
  min: 0.003140759604647325
  num_samples: 2751
  rmse: 9.05436324309466
  std: 4.1543546163314895
trans:
  max: 0.5284098018554053
  mean: 0.17566638753714842
  median: 0.1711368365296527
  min: 0.017302684542970254
  num_samples: 2751
  rmse: 0.19353140734176788
  std: 0.08121407462585285
