rot:
  max: 151.94851538750365
  mean: 86.83525445830206
  median: 87.98766246285102
  min: 39.86967186659093
  num_samples: 2735
  rmse: 87.8175215572914
  std: 13.097926386542436
scale:
  max: 29.026067503537046
  mean: 5.208463256050247
  median: 3.3786113662919837
  min: 0.0007454742016133054
  num_samples: 2735
  rmse: 7.89006383754431
  std: 5.9266363032413985
trans:
  max: 0.4171035310393085
  mean: 0.14255302698531272
  median: 0.11537039506113504
  min: 0.016007618857016966
  num_samples: 2735
  rmse: 0.16564988266737832
  std: 0.08437131103071076
