rot:
  max: 179.99518659983585
  mean: 167.71238926446634
  median: 170.68692378959594
  min: 130.48824990371477
  num_samples: 2735
  rmse: 168.0433192446091
  std: 10.540950144540602
scale:
  max: 46.60929593312161
  mean: 18.329313398091212
  median: 18.459511393804927
  min: 0.0016477893705402202
  num_samples: 2735
  rmse: 21.23360980379271
  std: 10.71925630136139
trans:
  max: 1.3897934599101116
  mean: 0.4833548516625575
  median: 0.3854927572304781
  min: 0.02509391459068726
  num_samples: 2735
  rmse: 0.5746198369134244
  std: 0.3107346848175744
