rot:
  max: 151.1580185869349
  mean: 87.35322635361095
  median: 87.83134797751467
  min: 43.04394635557148
  num_samples: 2738
  rmse: 88.3619388315114
  std: 13.313379724118596
scale:
  max: 13.175843252476206
  mean: 5.774460361887311
  median: 6.058589565039114
  min: 0.01199108531930726
  num_samples: 2738
  rmse: 6.391830089109683
  std: 2.7406385053560394
trans:
  max: 0.2423256642870252
  mean: 0.12016220250593494
  median: 0.11767022649753649
  min: 0.02544822026213221
  num_samples: 2738
  rmse: 0.12618291784294514
  std: 0.03851199610877266
