rot:
  max: 179.98930174232984
  mean: 143.46500338472197
  median: 142.8541500482455
  min: 59.78437747784029
  num_samples: 2665
  rmse: 145.3110113538084
  std: 23.088586454963323
scale:
  max: 21.021785171054308
  mean: 0.3407438382223392
  median: 0.2191340101805772
  min: 7.946816935611167e-05
  num_samples: 2665
  rmse: 0.826735871736621
  std: 0.7532501830929867
trans:
  max: 0.45853301497256016
  mean: 0.011372073905880166
  median: 0.009054439232331936
  min: 0.00020372611598129596
  num_samples: 2665
  rmse: 0.020233027061088437
  std: 0.0167347339128513
