rot:
  max: 151.79317495237626
  mean: 86.86966380486203
  median: 88.02180220532664
  min: 40.17278585863946
  num_samples: 2751
  rmse: 87.85250183145193
  std: 13.104334720828254
scale:
  max: 31.683916781830824
  mean: 5.695868960464889
  median: 3.9294199888909476
  min: 0.0049568011871503614
  num_samples: 2751
  rmse: 8.486885187448712
  std: 6.2916052776814455
trans:
  max: 0.40802526459831906
  mean: 0.12977139906634239
  median: 0.10712252358505743
  min: 0.0037357868149253052
  num_samples: 2751
  rmse: 0.1555367338018106
  std: 0.08573832017306711
