rot:
  max: 153.04569926982398
  mean: 88.0720343802612
  median: 88.45207811538393
  min: 42.67866477661025
  num_samples: 2751
  rmse: 89.09103857007996
  std: 13.436142065994066
scale:
  max: 23.587314958287763
  mean: 8.343981117963434
  median: 8.600785898104334
  min: 8.108675978446556e-05
  num_samples: 2751
  rmse: 9.311298411325344
  std: 4.132584809513243
trans:
  max: 0.5751195429935784
  mean: 0.17038981215404586
  median: 0.1548189555729164
  min: 0.009015997302869823
  num_samples: 2751
  rmse: 0.18761568264168124
  std: 0.07852997063040985
