rot:
  max: 179.9999999999879
  mean: 168.93967954432017
  median: 171.5500045428122
  min: 135.36646132326203
  num_samples: 2671
  rmse: 169.19341509824773
  std: 9.26263397043897
scale:
  max: 25.542181401774222
  mean: 1.8277058769801149
  median: 1.221257722035074
  min: 0.00016424490347777265
  num_samples: 2671
  rmse: 3.1968754824467545
  std: 2.622880873680984
trans:
  max: 2.092885656858838
  mean: 0.09333906550974162
  median: 0.05287915958021261
  min: 0.005384435037149434
  num_samples: 2671
  rmse: 0.22725313352150406
  std: 0.2071999168559457
