rot:
  max: 151.81839114333454
  mean: 86.62424644931215
  median: 87.87033543707818
  min: 39.688620623222675
  num_samples: 2751
  rmse: 87.6036217569171
  std: 13.062713042007468
scale:
  max: 43.536874413699024
  mean: 8.95684664456139
  median: 6.5689451876701055
  min: 0.01030377884878586
  num_samples: 2751
  rmse: 12.41572995320752
  std: 8.597979324049573
trans:
  max: 0.5553948381946021
  mean: 0.1851283314949847
  median: 0.15646395273302313
  min: 0.008254117213338073
  num_samples: 2751
  rmse: 0.2185092079209021
  std: 0.11607659033630785
