rot:
  max: 152.25203491466308
  mean: 87.80281364057599
  median: 88.34256517789788
  min: 43.20511198865607
  num_samples: 2734
  rmse: 88.8040852239672
  std: 13.29779941433657
scale:
  max: 13.518396566135626
  mean: 7.323664861477568
  median: 7.826124446900289
  min: 0.019416092806812113
  num_samples: 2734
  rmse: 7.96061573666476
  std: 3.120149980945372
trans:
  max: 0.2760824229068892
  mean: 0.1527631687263827
  median: 0.15501945206369808
  min: 0.024379545251972577
  num_samples: 2734
  rmse: 0.16000255167048374
  std: 0.04758393449201607
