rot:
  max: 153.66777177654188
  mean: 87.25630474168467
  median: 88.0558290794306
  min: 41.043705812716745
  num_samples: 2670
  rmse: 88.26013203466923
  std: 13.273589929009672
scale:
  max: 8.319078127481605
  mean: 1.7993059013675696
  median: 1.398096120090131
  min: 0.0021701548825747707
  num_samples: 2670
  rmse: 2.3740770046051605
  std: 1.5487865886231238
trans:
  max: 0.21352195054052164
  mean: 0.07376749928795458
  median: 0.06815562672773767
  min: 0.008076174754815053
  num_samples: 2670
  rmse: 0.08130958167964306
  std: 0.0341994754597226
