rot:
  max: 153.63688552829066
  mean: 87.28404875355479
  median: 88.07325542070569
  min: 40.85939932554638
  num_samples: 2676
  rmse: 88.28670523411444
  std: 13.267899392235845
scale:
  max: 13.003590547999643
  mean: 1.5366535995133008
  median: 1.3082070993432782
  min: 6.203152698169845e-05
  num_samples: 2676
  rmse: 1.9313403077918978
  std: 1.169944913064079
trans:
  max: 0.26919576296855235
  mean: 0.068319419667171
  median: 0.06629336876174824
  min: 0.0017812368122426651
  num_samples: 2676
  rmse: 0.07234671219200044
  std: 0.023801337385388772
