rot:
  max: 153.5926278070483
  mean: 87.24987159521596
  median: 88.07056163884805
  min: 40.82517092450738
  num_samples: 2673
  rmse: 88.25087747888725
  std: 13.254330704034475
scale:
  max: 11.156299464015461
  mean: 1.537694404743273
  median: 1.3089821728543116
  min: 0.002141290604829038
  num_samples: 2673
  rmse: 1.922885372939622
  std: 1.1545492952171346
trans:
  max: 0.23706311799142038
  mean: 0.06889314983349668
  median: 0.06592180856506864
  min: 0.0015233990676425796
  num_samples: 2673
  rmse: 0.07287417791394754
  std: 0.023756677222479188
