rot:
  max: 179.99374181866622
  mean: 166.89043902933767
  median: 169.9977560894239
  min: 111.98442013178115
  num_samples: 2676
  rmse: 167.29945911605353
  std: 11.691466166350297
scale:
  max: 134.22739062661577
  mean: 20.193397678013763
  median: 18.920338169740397
  min: 0.0009434757113790937
  num_samples: 2676
  rmse: 27.556104148098157
  std: 18.75008176084623
trans:
  max: 2.70772427288961
  mean: 0.6573111605426298
  median: 0.6173347199808631
  min: 0.02881866887076755
  num_samples: 2676
  rmse: 0.7811087011526792
  std: 0.42198677851625593
