rot:
  max: 179.99124015541895
  mean: 144.10070921285964
  median: 143.30204865723704
  min: 60.953433737830835
  num_samples: 2655
  rmse: 145.87654770531424
  std: 22.692570915866934
scale:
  max: 1.792907937956889
  mean: 0.20974313756523622
  median: 0.16223241950084066
  min: 8.87911489666493e-05
  num_samples: 2655
  rmse: 0.2825208850047232
  std: 0.18927722184178006
trans:
  max: 0.05217909577848639
  mean: 0.007610549928501137
  median: 0.006445058835635879
  min: 0.0003493857858939971
  num_samples: 2655
  rmse: 0.009021046906690741
  std: 0.004843430300779183
