rot:
  max: 153.64949385384034
  mean: 87.3062843379595
  median: 88.08211743769486
  min: 40.496970930398135
  num_samples: 2675
  rmse: 88.32966802445598
  std: 13.406825441169147
scale:
  max: 7.100829434022438
  mean: 1.6693743484586832
  median: 1.421146034288534
  min: 0.001212732585298415
  num_samples: 2675
  rmse: 2.100913697402573
  std: 1.2755499396895034
trans:
  max: 0.16375549879593354
  mean: 0.07269326978334023
  median: 0.07053730181044664
  min: 0.007339596245820305
  num_samples: 2675
  rmse: 0.07724710928013515
  std: 0.026130526599049884
