rot:
  max: 179.97550215556078
  mean: 143.97759036408127
  median: 143.18956431929445
  min: 60.76226034338027
  num_samples: 2654
  rmse: 145.76405472987693
  std: 22.751112593615424
scale:
  max: 23.399938468321977
  mean: 0.596996550554038
  median: 0.38165481599914397
  min: 6.806597124819902e-05
  num_samples: 2654
  rmse: 1.2497204794148244
  std: 1.0979054582683312
trans:
  max: 0.4976897225214611
  mean: 0.02020879307590632
  median: 0.01598350852367431
  min: 0.00040184247293333216
  num_samples: 2654
  rmse: 0.03262436476375545
  std: 0.02561159617543908
