rot:
  max: 153.8876404219359
  mean: 87.31201455462454
  median: 88.12292730708275
  min: 40.3909676509508
  num_samples: 2675
  rmse: 88.33695162468547
  std: 13.417493683810013
scale:
  max: 8.651755966035745
  mean: 1.6846881280215167
  median: 1.4288909869972999
  min: 0.0008347013924048241
  num_samples: 2675
  rmse: 2.101780828795237
  std: 1.2567054402661568
trans:
  max: 0.1589000511811273
  mean: 0.07108347545293983
  median: 0.06798275617139948
  min: 0.008747156187529484
  num_samples: 2675
  rmse: 0.07529998529961998
  std: 0.024844059725702906
