rot:
  max: 160.0355800443546
  mean: 89.47189479481818
  median: 88.86243039513637
  min: 42.610207022702326
  num_samples: 2738
  rmse: 90.45678559800703
  std: 13.312028491135079
scale:
  max: 8.236824133648357
  mean: 2.8938035289579056
  median: 2.7030490406685423
  min: 0.0009020453132446704
  num_samples: 2738
  rmse: 3.426923172520563
  std: 1.8356752343890146
trans:
  max: 0.21557977897371078
  mean: 0.08334216171103616
  median: 0.08212066483028213
  min: 0.005993166443092437
  num_samples: 2738
  rmse: 0.08987104017492893
  std: 0.03362867739675757
