rot:
  max: 150.9684947862082
  mean: 85.43137242720675
  median: 86.2121637260572
  min: 41.3297838132853
  num_samples: 2735
  rmse: 86.50956879177964
  std: 13.615656346410312
scale:
  max: 49.32017350191303
  mean: 18.469096872870132
  median: 19.141198436315165
  min: 0.012140824489170754
  num_samples: 2735
  rmse: 20.802885556219927
  std: 9.573531645412908
trans:
  max: 1.363107786662982
  mean: 0.45109504958742064
  median: 0.42246429992696
  min: 0.022941846285623346
  num_samples: 2735
  rmse: 0.5033757518769962
  std: 0.2233839828981794
