rot:
  max: 151.43121911184102
  mean: 86.96663238414979
  median: 88.00241309223705
  min: 40.60815676854857
  num_samples: 2735
  rmse: 87.95585791122947
  std: 13.154383020900237
scale:
  max: 25.979330090968844
  mean: 5.027850772471421
  median: 3.1977726700662457
  min: 0.0010102462471905937
  num_samples: 2735
  rmse: 7.589320859253865
  std: 5.684936913850883
trans:
  max: 0.3593717982856456
  mean: 0.12821611537066036
  median: 0.10265168709261235
  min: 0.026774819720042493
  num_samples: 2735
  rmse: 0.14931657450335842
  std: 0.07652494482634083
