rot:
  max: 179.97104010365015
  mean: 168.9783207764208
  median: 171.58757306087762
  min: 135.34791274170874
  num_samples: 2672
  rmse: 169.23397208625573
  std: 9.298624396795313
scale:
  max: 6.38852126816829
  mean: 0.6327921044246911
  median: 0.43049818468899326
  min: 6.085991355320175e-05
  num_samples: 2672
  rmse: 0.9292514322821455
  std: 0.680501562802165
trans:
  max: 0.17503733063244833
  mean: 0.01992679104343936
  median: 0.014425188371671782
  min: 0.0009490431838151088
  num_samples: 2672
  rmse: 0.02723157710194023
  std: 0.01856022063904468
