rot:
  max: 151.33621154542436
  mean: 86.59461260365464
  median: 86.71307372951492
  min: 42.083002610854514
  num_samples: 2735
  rmse: 87.69954315208938
  std: 13.877425449562114
scale:
  max: 47.22124225691473
  mean: 17.831583355883055
  median: 18.269707228867716
  min: 0.029049349921361767
  num_samples: 2735
  rmse: 19.851402570041508
  std: 8.724266102088148
trans:
  max: 1.2158130215349359
  mean: 0.4023482775926191
  median: 0.3901438714131967
  min: 0.04372144803187155
  num_samples: 2735
  rmse: 0.44300300514186347
  std: 0.18538480542637445
