rot:
  max: 179.98898230773477
  mean: 143.50734303762846
  median: 142.88963740400013
  min: 59.80459766560405
  num_samples: 2665
  rmse: 145.35412021920064
  std: 23.096812745014777
scale:
  max: 24.831343209261846
  mean: 0.37101052841969256
  median: 0.19410387867903056
  min: 0.0004110930280631919
  num_samples: 2665
  rmse: 1.5945954411470507
  std: 1.5508339075248183
trans:
  max: 0.5341570188859893
  mean: 0.011073322707285511
  median: 0.006817341792067325
  min: 0.00023469532817806452
  num_samples: 2665
  rmse: 0.03638319395813663
  std: 0.03465715404957114
