rot:
  max: 151.42418410620988
  mean: 86.83832393198247
  median: 88.23671827905073
  min: 38.79664560277487
  num_samples: 2735
  rmse: 87.82840049748
  std: 13.150415606732983
scale:
  max: 52.20630586361985
  mean: 10.199834688567647
  median: 7.2367478611809695
  min: 0.004172421507475654
  num_samples: 2735
  rmse: 14.585184755073504
  std: 10.425496950530496
trans:
  max: 0.6749927651517689
  mean: 0.21201238316058751
  median: 0.17070801168619282
  min: 0.012992983391664362
  num_samples: 2735
  rmse: 0.2583540935548663
  std: 0.1476400590731557
