rot:
  max: 152.5116015530033
  mean: 87.64993014210366
  median: 88.2136382726872
  min: 42.39800395520792
  num_samples: 2751
  rmse: 88.64862641624445
  std: 13.269088573492933
scale:
  max: 17.342750976464536
  mean: 6.949816445653422
  median: 7.052873438264262
  min: 0.012771131087574439
  num_samples: 2751
  rmse: 7.721586985200183
  std: 3.3649601694133033
trans:
  max: 0.40734157276705457
  mean: 0.1455955356989845
  median: 0.14252400526347261
  min: 0.0192328651752318
  num_samples: 2751
  rmse: 0.15903401731277414
  std: 0.06398248703485547
