rot:
  max: 147.12983438675602
  mean: 90.6532139581715
  median: 90.14511958408708
  min: 41.62770896297604
  num_samples: 2751
  rmse: 92.08443173276808
  std: 16.172116948649375
scale:
  max: 41.77409577488329
  mean: 14.135493680956642
  median: 13.160520621519801
  min: 0.01354562454229935
  num_samples: 2751
  rmse: 16.23192293798582
  std: 7.97891851445705
trans:
  max: 0.841172934148552
  mean: 0.28580347256860683
  median: 0.2645856121552732
  min: 0.00878059128528257
  num_samples: 2751
  rmse: 0.3175628267091312
  std: 0.13842876859677417
