rot:
  max: 153.8801852429402
  mean: 87.32129391109902
  median: 88.0701634710968
  min: 40.80289459793841
  num_samples: 2672
  rmse: 88.33997237780912
  std: 13.376933482810783
scale:
  max: 8.715475051581068
  mean: 1.6858701885951495
  median: 1.4944821685227372
  min: 0.0005478594133245807
  num_samples: 2672
  rmse: 2.0978468546758196
  std: 1.2485203774385871
trans:
  max: 0.1458597009120269
  mean: 0.07059231986042608
  median: 0.06810605227633876
  min: 0.006753359346318333
  num_samples: 2672
  rmse: 0.07506258014350388
  std: 0.025516961310532896
