rot:
  max: 154.00944559022338
  mean: 86.46213704481272
  median: 88.84227000484209
  min: 34.35956359489369
  num_samples: 2735
  rmse: 87.53781888381633
  std: 13.680957297640466
scale:
  max: 101.34648864210511
  mean: 24.58473832290194
  median: 21.939761156910485
  min: 0.008371840375409612
  num_samples: 2735
  rmse: 30.994925565214054
  std: 18.875276220166864
trans:
  max: 1.2731529118745164
  mean: 0.4977243015653771
  median: 0.42866552492583143
  min: 0.06292501941051691
  num_samples: 2735
  rmse: 0.5581620265187319
  std: 0.25261703719020046
