rot:
  max: 179.980295282077
  mean: 166.61950752822406
  median: 169.84068433536623
  min: 114.6600079619255
  num_samples: 2676
  rmse: 167.03077410734684
  std: 11.714060352909202
scale:
  max: 51.065502972758296
  mean: 2.2036821597437135
  median: 1.0159282248900003
  min: 0.00015365640103626177
  num_samples: 2676
  rmse: 6.4148846018405585
  std: 6.024494119323095
trans:
  max: 1.0752326031586228
  mean: 0.04863334101718009
  median: 0.02364001009559722
  min: 0.0006778220611103902
  num_samples: 2676
  rmse: 0.12040999664074699
  std: 0.11015155665051404
