rot:
  max: 151.95718096492953
  mean: 86.72551829258732
  median: 88.67145842751101
  min: 37.21878636786036
  num_samples: 2735
  rmse: 87.73220308120352
  std: 13.25231807510134
scale:
  max: 79.41859871605882
  mean: 16.508054565823947
  median: 12.87914395396086
  min: 0.013935504365925055
  num_samples: 2735
  rmse: 22.600871573271604
  std: 15.43643515593207
trans:
  max: 0.9978486993924688
  mean: 0.32255522020348837
  median: 0.26146371406384683
  min: 0.013433578234917589
  num_samples: 2735
  rmse: 0.3888452965098466
  std: 0.21716075736032447
