rot:
  max: 152.1113912083353
  mean: 86.92007217654238
  median: 87.88014133521315
  min: 40.284399311111954
  num_samples: 2735
  rmse: 87.90110244635001
  std: 13.095986564912618
scale:
  max: 21.083870021365914
  mean: 3.9671220005053383
  median: 2.426739509340625
  min: 0.0033501723626927493
  num_samples: 2735
  rmse: 5.83590533778992
  std: 4.280155855193992
trans:
  max: 0.4067483915699368
  mean: 0.1221527218611094
  median: 0.09472679232729851
  min: 0.011442395165234947
  num_samples: 2735
  rmse: 0.14320050443473203
  std: 0.07473350662376367
