rot:
  max: 179.9956734799413
  mean: 168.94954421158684
  median: 171.54268120274386
  min: 135.21281906933712
  num_samples: 2675
  rmse: 169.20498715732842
  std: 9.294040542665481
scale:
  max: 5.317807458064161
  mean: 0.6531219124371433
  median: 0.4381501830625023
  min: 0.0002106168673243758
  num_samples: 2675
  rmse: 0.941043541751136
  std: 0.6774914870062742
trans:
  max: 0.09642813262135255
  mean: 0.01996124972066581
  median: 0.015876538594559328
  min: 0.0006301478804062536
  num_samples: 2675
  rmse: 0.024595851908219543
  std: 0.014370262373397587
