rot:
  max: 151.69519729612557
  mean: 84.53185342270281
  median: 85.64780208120472
  min: 38.9628992971941
  num_samples: 2735
  rmse: 85.55462869883559
  std: 13.189399103761781
scale:
  max: 43.51628150723992
  mean: 16.2978070995349
  median: 15.451419304293236
  min: 0.005594832588928789
  num_samples: 2735
  rmse: 18.82297276317492
  std: 9.41731317253355
trans:
  max: 1.2563822480867763
  mean: 0.4499589017781932
  median: 0.386689126904589
  min: 0.02366407798204106
  num_samples: 2735
  rmse: 0.5118197934623291
  std: 0.2439190187139648
