rot:
  max: 151.30112943234064
  mean: 87.33563156749952
  median: 87.93208723696762
  min: 42.34206124556038
  num_samples: 2738
  rmse: 88.33853754276528
  std: 13.273457496090485
scale:
  max: 12.180023501749327
  mean: 5.108617187209924
  median: 5.174404252456655
  min: 0.005527306199337723
  num_samples: 2738
  rmse: 5.738023342546757
  std: 2.6128418080999034
trans:
  max: 0.24808793870835044
  mean: 0.11465183367107616
  median: 0.11025832128501242
  min: 0.012093984443067047
  num_samples: 2738
  rmse: 0.12203293113305881
  std: 0.04179704913969078
