rot:
  max: 150.03262778615823
  mean: 82.85734679731283
  median: 84.41752192415225
  min: 32.17911362978997
  num_samples: 2736
  rmse: 84.02968311898272
  std: 13.987413155636702
scale:
  max: 43.308458070093806
  mean: 17.272559324561627
  median: 16.582671456548617
  min: 0.0007474825344688796
  num_samples: 2736
  rmse: 20.067932602941706
  std: 10.216683088738204
trans:
  max: 2.027702185210102
  mean: 0.8376524735886114
  median: 0.8547068316027449
  min: 0.020483039582347887
  num_samples: 2736
  rmse: 0.9391255746398766
  std: 0.4246117973320564
