rot:
  max: 179.98620531018713
  mean: 167.3679090338509
  median: 169.50737339376067
  min: 116.38069971848603
  num_samples: 2736
  rmse: 167.6675006384307
  std: 10.018672365876858
scale:
  max: 54.242338162989356
  mean: 17.840713821235045
  median: 17.198936504006213
  min: 0.0028996433724226556
  num_samples: 2736
  rmse: 20.89537435467385
  std: 10.877757111222598
trans:
  max: 1.8761081067322372
  mean: 0.7872820043481765
  median: 0.8190454460910448
  min: 0.046429971916905524
  num_samples: 2736
  rmse: 0.8650198100311783
  std: 0.358394081111689
