rot:
  max: 179.9751790702964
  mean: 143.48119597151754
  median: 142.86988446170935
  min: 59.7753131615906
  num_samples: 2665
  rmse: 145.32534370170964
  std: 23.07816987117972
scale:
  max: 23.90367342076205
  mean: 0.3528423822946678
  median: 0.20698670765697536
  min: 0.00037214157491138877
  num_samples: 2665
  rmse: 0.9929369697245894
  std: 0.9281304213861729
trans:
  max: 0.521708030357215
  mean: 0.01171240960146916
  median: 0.008865907106000187
  min: 0.0003352444665844106
  num_samples: 2665
  rmse: 0.024053507075306804
  std: 0.021009299463552976
