rot:
  max: 151.1449446059388
  mean: 86.59278501853039
  median: 88.29944978334154
  min: 37.07124766239001
  num_samples: 2735
  rmse: 87.595569279755
  std: 13.216404207609871
scale:
  max: 71.00712184030667
  mean: 14.392285043887817
  median: 10.203705045368483
  min: 0.0029957394482416078
  num_samples: 2735
  rmse: 20.223375546077946
  std: 14.207288611596036
trans:
  max: 0.9251063933650833
  mean: 0.3132462369829536
  median: 0.254036364414165
  min: 0.02455066971588194
  num_samples: 2735
  rmse: 0.37310172643741935
  std: 0.2026861941193875
