rot:
  max: 152.14894648134643
  mean: 87.048633734316
  median: 87.78678403796222
  min: 41.21701870777861
  num_samples: 2738
  rmse: 88.0298516025683
  std: 13.106873698906629
scale:
  max: 5.303137776728617
  mean: 1.6499726108892985
  median: 1.4870623782380354
  min: 0.0020400648043761294
  num_samples: 2738
  rmse: 1.973082686755541
  std: 1.081963803502511
trans:
  max: 0.19670411183663145
  mean: 0.06924765741987278
  median: 0.0629984283368731
  min: 0.0016499432441195512
  num_samples: 2738
  rmse: 0.07687609107105867
  std: 0.033387053182718125
