rot:
  max: 179.98634591909382
  mean: 169.0381907146888
  median: 171.6905050956912
  min: 135.2403351006636
  num_samples: 2670
  rmse: 169.29071595231574
  std: 9.243191415963583
scale:
  max: 3.43537315982273
  mean: 0.34480730201297627
  median: 0.24617890716200908
  min: 7.053377991672605e-05
  num_samples: 2670
  rmse: 0.5001535354166275
  std: 0.3623002670000171
trans:
  max: 0.08391867491759085
  mean: 0.011517027292273685
  median: 0.008522482198131032
  min: 0.000559672288291552
  num_samples: 2670
  rmse: 0.01572131700713367
  std: 0.010701303228477052
