rot:
  max: 153.45353353879665
  mean: 87.29405565241035
  median: 88.09345412758806
  min: 40.97102396893517
  num_samples: 2670
  rmse: 88.30039183452867
  std: 13.293120246397924
scale:
  max: 5.185957511175598
  mean: 1.5670834422214117
  median: 1.3435958922756508
  min: 0.0035119875608113915
  num_samples: 2670
  rmse: 1.9369814652074284
  std: 1.1384843791956933
trans:
  max: 0.13958304961457926
  mean: 0.06868925418706538
  median: 0.06615458986611719
  min: 0.0055440045739003595
  num_samples: 2670
  rmse: 0.07282677662146869
  std: 0.024197639395156362
