rot:
  max: 179.99101395550704
  mean: 143.48657451438999
  median: 142.82610881920232
  min: 59.817664692813146
  num_samples: 2665
  rmse: 145.32979597540242
  std: 23.07276603224
scale:
  max: 9.286516210702633
  mean: 0.29442611605215946
  median: 0.20087502416068492
  min: 0.00013668480132178473
  num_samples: 2665
  rmse: 0.5244237534761507
  std: 0.4339741183486119
trans:
  max: 0.21147087368368642
  mean: 0.01007770042419276
  median: 0.008128306702260784
  min: 0.0006415888722551034
  num_samples: 2665
  rmse: 0.014111922570105843
  std: 0.009878578479968052
