rot:
  max: 153.43013400201798
  mean: 87.23990534651122
  median: 88.09593515529883
  min: 40.977569904579404
  num_samples: 2673
  rmse: 88.24148237451024
  std: 13.257380087436806
scale:
  max: 19.317679469296934
  mean: 1.5386558736678517
  median: 1.311174379662361
  min: 0.0008699290852565156
  num_samples: 2673
  rmse: 1.9443465390188803
  std: 1.1887058367073458
trans:
  max: 0.4014063209871726
  mean: 0.0705404952771176
  median: 0.06724232402513183
  min: 0.00511242537121775
  num_samples: 2673
  rmse: 0.07489295395486233
  std: 0.02515935369090558
