rot:
  max: 179.9933372943964
  mean: 168.98135624979574
  median: 171.6049230134565
  min: 135.42964987459777
  num_samples: 2672
  rmse: 169.23686529589133
  std: 9.296118284493776
scale:
  max: 5.97909388082285
  mean: 0.615755820055456
  median: 0.44167450860775337
  min: 0.00041950575730975714
  num_samples: 2672
  rmse: 0.8421540921856322
  std: 0.5745156960891821
trans:
  max: 0.115398203078427
  mean: 0.01811132829465073
  median: 0.014517162122811253
  min: 0.0007983264095740839
  num_samples: 2672
  rmse: 0.022540069744169305
  std: 0.013417694715389786
