rot:
  max: 179.99936716975753
  mean: 168.6309661299297
  median: 171.53224412134324
  min: 134.98476050914653
  num_samples: 2735
  rmse: 168.91879334699885
  std: 9.85677472059486
scale:
  max: 42.297309910600454
  mean: 15.276573348253535
  median: 15.532850543186584
  min: 0.08920773254956771
  num_samples: 2735
  rmse: 17.446659720894903
  std: 8.426876179945118
trans:
  max: 1.0535034417438696
  mean: 0.35018332402205443
  median: 0.3411037427860935
  min: 0.03527107523940364
  num_samples: 2735
  rmse: 0.3911532365919003
  std: 0.17427706123636577
