rot:
  max: 179.99913189687842
  mean: 168.966455655028
  median: 171.63651426296622
  min: 135.31885372406765
  num_samples: 2675
  rmse: 169.22202903664862
  std: 9.296879834534426
scale:
  max: 4.787140184560612
  mean: 0.6047625179927014
  median: 0.42019004076097044
  min: 0.00037053080826909834
  num_samples: 2675
  rmse: 0.861412203335119
  std: 0.6134274862490203
trans:
  max: 0.11872544959263005
  mean: 0.01956546882089798
  median: 0.016412074641236275
  min: 0.0009346078617660608
  num_samples: 2675
  rmse: 0.023745486277138638
  std: 0.013455130930475878
