rot:
  max: 151.0612020361818
  mean: 90.76285306702718
  median: 89.98823649762303
  min: 45.14446298867448
  num_samples: 2751
  rmse: 91.9590806610429
  std: 14.784350481419123
scale:
  max: 84.35932752974205
  mean: 18.681376895262773
  median: 18.623667618326202
  min: 0.0033974711937112545
  num_samples: 2751
  rmse: 22.579217024406663
  std: 12.68176638849643
trans:
  max: 1.7414162462497367
  mean: 0.7478528527643099
  median: 0.7905944015710167
  min: 0.045139049459943854
  num_samples: 2751
  rmse: 0.8282031499909351
  std: 0.3558603212879885
