rot:
  max: 152.11456272430658
  mean: 86.94644741288572
  median: 88.08098841565024
  min: 39.212525054319386
  num_samples: 2735
  rmse: 87.92897469513092
  std: 13.108007980439584
scale:
  max: 34.3402413496269
  mean: 6.052842891974436
  median: 3.79897435796257
  min: 0.0007410321671397213
  num_samples: 2735
  rmse: 9.29567111838265
  std: 7.05496948726271
trans:
  max: 0.50064644313696
  mean: 0.15922935478051575
  median: 0.12344552616443848
  min: 0.01680072985048564
  num_samples: 2735
  rmse: 0.1911777294010758
  std: 0.10580612834392751
