rot:
  max: 179.99586484253518
  mean: 167.01153445310823
  median: 169.55117305429542
  min: 123.3555605244888
  num_samples: 2735
  rmse: 167.2983242249692
  std: 9.791662172543317
scale:
  max: 63.462578589034536
  mean: 16.470528743530103
  median: 16.67802905588971
  min: 0.010760877887605602
  num_samples: 2735
  rmse: 19.388981737896977
  std: 10.230068217810238
trans:
  max: 1.7079487414866117
  mean: 0.774203598945468
  median: 0.7835954735223382
  min: 0.08437979424518892
  num_samples: 2735
  rmse: 0.8347124131039604
  std: 0.312015384187577
