rot:
  max: 179.9948088569605
  mean: 144.07983073363658
  median: 143.36064044442864
  min: 60.950770983461304
  num_samples: 2654
  rmse: 145.85564704495053
  std: 22.690794403629926
scale:
  max: 7.10775172498046
  mean: 0.3347800666356158
  median: 0.23227992531222874
  min: 0.0001344215953658079
  num_samples: 2654
  rmse: 0.5075648793969217
  std: 0.3815028358749959
trans:
  max: 0.1441810011066708
  mean: 0.01102635910884062
  median: 0.009444649737932562
  min: 0.0003532210476693943
  num_samples: 2654
  rmse: 0.013660404195877005
  std: 0.008063872989923723
