rot:
  max: 151.78947146892418
  mean: 86.29994188980137
  median: 87.018154005103
  min: 41.88307005797988
  num_samples: 2735
  rmse: 87.34926344088616
  std: 13.49866117369538
scale:
  max: 42.73149801761239
  mean: 16.149747698852423
  median: 16.39752903073348
  min: 0.011714200620671633
  num_samples: 2735
  rmse: 18.71783196664124
  std: 9.462710118926154
trans:
  max: 1.284026505631506
  mean: 0.4345673971713604
  median: 0.41689774060939344
  min: 0.03710500993764097
  num_samples: 2735
  rmse: 0.4880812692374813
  std: 0.22220374140904894
