rot:
  max: 179.99291632983528
  mean: 168.81367231428885
  median: 172.31191857795451
  min: 134.2958783394894
  num_samples: 2735
  rmse: 169.09397571880749
  std: 9.732248669070545
scale:
  max: 51.64910497053854
  mean: 18.960671419342354
  median: 20.135552213995723
  min: 0.014619222336553772
  num_samples: 2735
  rmse: 21.378232968583326
  std: 9.875311852633153
trans:
  max: 1.3926955702740287
  mean: 0.44671630415849867
  median: 0.4192522212084773
  min: 0.027237774305131777
  num_samples: 2735
  rmse: 0.4997424655380395
  std: 0.22402472064709839
