rot:
  max: 153.75609129412396
  mean: 87.27976731369928
  median: 88.08019259649848
  min: 40.94849247168095
  num_samples: 2676
  rmse: 88.28768310365959
  std: 13.30252628182781
scale:
  max: 14.682811776790894
  mean: 1.5714483290123324
  median: 1.3221862577030008
  min: 0.0004264294281908221
  num_samples: 2676
  rmse: 2.009513468191334
  std: 1.2524753602712992
trans:
  max: 0.3197737100875567
  mean: 0.06941270946944728
  median: 0.06710798893182435
  min: 0.005706555734567378
  num_samples: 2676
  rmse: 0.07406704071154543
  std: 0.0258418707503121
