rot:
  max: 152.56246711011403
  mean: 87.62497534185442
  median: 88.18966320625209
  min: 42.62939931420008
  num_samples: 2751
  rmse: 88.6221439009903
  std: 13.25700139349856
scale:
  max: 17.65695920467689
  mean: 6.520820776132504
  median: 6.560776143399849
  min: 0.00015732212605978901
  num_samples: 2751
  rmse: 7.362736860771334
  std: 3.4188873170257588
trans:
  max: 0.4488175345466044
  mean: 0.1496527902513472
  median: 0.14640831244063884
  min: 0.0057045318031952045
  num_samples: 2751
  rmse: 0.1639197274932261
  std: 0.0668858686976542
