rot:
  max: 151.67770736952588
  mean: 90.52227889096379
  median: 90.35285916696338
  min: 34.85909572028982
  num_samples: 2678
  rmse: 91.64619409488685
  std: 14.308805556867602
scale:
  max: 55.04948123165487
  mean: 7.005419652915221
  median: 5.4654503647046155
  min: 0.003901384440574418
  num_samples: 2678
  rmse: 9.620791097995989
  std: 6.594218440257199
trans:
  max: 1.7624561277381392
  mean: 0.3040017619431511
  median: 0.24175461543467583
  min: 0.018116288757049893
  num_samples: 2678
  rmse: 0.40587396131794506
  std: 0.2689174617078265
