rot:
  max: 149.89172158047083
  mean: 87.76038717109586
  median: 88.03288728597673
  min: 43.06619865628731
  num_samples: 2735
  rmse: 88.83125289029203
  std: 13.751579314332329
scale:
  max: 40.11659174100403
  mean: 15.31631555781642
  median: 15.272571937603452
  min: 0.016047662470175528
  num_samples: 2735
  rmse: 17.261732248686066
  std: 7.961022419182045
trans:
  max: 0.9812787920716568
  mean: 0.35143011795938967
  median: 0.33457132081096874
  min: 0.06928114917112767
  num_samples: 2735
  rmse: 0.3864957614056595
  std: 0.16085970836598484
