rot:
  max: 152.1821767732364
  mean: 87.94551852773108
  median: 88.42456350741345
  min: 43.00166993064086
  num_samples: 2751
  rmse: 88.99581297047102
  std: 13.632332785094537
scale:
  max: 37.481337062250006
  mean: 13.34518521500347
  median: 13.222531124853255
  min: 0.004583837449323447
  num_samples: 2751
  rmse: 15.137814894621238
  std: 7.145591043508533
trans:
  max: 0.9486602809344447
  mean: 0.28758724221416027
  median: 0.2623482762293436
  min: 0.021137733229008183
  num_samples: 2751
  rmse: 0.3288421377842473
  std: 0.1594701530010172
