rot:
  max: 153.64244266049846
  mean: 85.76635844911415
  median: 87.70148573059352
  min: 34.086405568025214
  num_samples: 2752
  rmse: 86.82054627157999
  std: 13.488477055384028
scale:
  max: 41.41751369990316
  mean: 16.90322741178586
  median: 16.328102375016137
  min: 0.009901928224853584
  num_samples: 2752
  rmse: 19.559789836167955
  std: 9.842066932332406
trans:
  max: 1.9210939075933071
  mean: 0.8056992156983243
  median: 0.8465101927312619
  min: 0.0242574601568779
  num_samples: 2752
  rmse: 0.8925026608177025
  std: 0.3839398043831655
