rot:
  max: 143.96317945858226
  mean: 86.92635024363341
  median: 87.96400698218781
  min: 38.38846247855993
  num_samples: 2751
  rmse: 88.0800817906581
  std: 14.209519399691324
scale:
  max: 18.939789171894816
  mean: 7.322553593412239
  median: 6.994738921226751
  min: 0.008684662943725385
  num_samples: 2751
  rmse: 8.248716572062468
  std: 3.797569480315461
trans:
  max: 0.44905776705773337
  mean: 0.1513303848495054
  median: 0.14977361716439572
  min: 0.009040541832555421
  num_samples: 2751
  rmse: 0.16502835237435945
  std: 0.06582910988837976
