rot:
  max: 153.21840810347393
  mean: 87.24454940146983
  median: 88.05729229107074
  min: 41.03339131012177
  num_samples: 2670
  rmse: 88.25003305660567
  std: 13.283709354938251
scale:
  max: 5.2955990154543215
  mean: 1.533141008266464
  median: 1.31856538108589
  min: 0.0004400829645478943
  num_samples: 2670
  rmse: 1.8939938311116735
  std: 1.1120662215267403
trans:
  max: 0.1410601704767599
  mean: 0.0680218466530869
  median: 0.06511047560867239
  min: 0.00470723238846872
  num_samples: 2670
  rmse: 0.07204650773387318
  std: 0.023742949575631597
