rot:
  max: 179.99999999973463
  mean: 169.03134239721433
  median: 171.70489228341975
  min: 135.4207873206029
  num_samples: 2670
  rmse: 169.28443914571025
  std: 9.253465527759468
scale:
  max: 10.90567029623395
  mean: 0.8210314630294683
  median: 0.4774622714377452
  min: 0.0012218355978088624
  num_samples: 2670
  rmse: 1.5898979162094224
  std: 1.3615001728544682
trans:
  max: 0.2775126680282046
  mean: 0.025226409211517437
  median: 0.014268341184177127
  min: 0.00037019134198999255
  num_samples: 2670
  rmse: 0.047379612054232474
  std: 0.04010555967322526
