rot:
  max: 150.8983806913892
  mean: 88.51540426727094
  median: 89.13351333654319
  min: 44.13834876357729
  num_samples: 2752
  rmse: 89.5745580548987
  std: 13.73406924884278
scale:
  max: 33.97964873964236
  mean: 11.264317557487976
  median: 10.49217725674353
  min: 0.0024352378027669985
  num_samples: 2752
  rmse: 13.32137298350604
  std: 7.111548926201127
trans:
  max: 1.0042629581665248
  mean: 0.3407151630219433
  median: 0.30434505696896286
  min: 0.052981419120394134
  num_samples: 2752
  rmse: 0.3876607544285182
  std: 0.1849163005551923
