rot:
  max: 179.99858960333904
  mean: 169.06514563920652
  median: 171.73227868812052
  min: 135.8289440371953
  num_samples: 2676
  rmse: 169.31798602030008
  std: 9.249698371538384
scale:
  max: 15.047925608782254
  mean: 0.26095566205566234
  median: 0.15930433636706653
  min: 7.373588732928482e-05
  num_samples: 2676
  rmse: 0.6286497458017263
  std: 0.5719288813634662
trans:
  max: 0.3131810754280564
  mean: 0.007939260083723872
  median: 0.005785866849226487
  min: 0.00028241382896199385
  num_samples: 2676
  rmse: 0.01488209519624388
  std: 0.01258749008949176
