rot:
  max: 153.36805337836242
  mean: 87.2422713475921
  median: 88.06555381129716
  min: 41.24719884228266
  num_samples: 2676
  rmse: 88.23566673860374
  std: 13.202991135308629
scale:
  max: 12.93744834995022
  mean: 1.6461383696712981
  median: 1.3188940733021237
  min: 0.0002930166667969303
  num_samples: 2676
  rmse: 2.0994471023030923
  std: 1.3030374527482982
trans:
  max: 0.2686508161928818
  mean: 0.07007463075383973
  median: 0.06708416163891139
  min: 0.005699055917659047
  num_samples: 2676
  rmse: 0.07504122334616661
  std: 0.026846439726754826
