rot:
  max: 151.79878117572443
  mean: 87.06481322649795
  median: 87.81851188871245
  min: 41.418123580432635
  num_samples: 2734
  rmse: 88.05128144936401
  std: 13.143304862558047
scale:
  max: 7.234988232254902
  mean: 2.8239950335020345
  median: 2.736372508789753
  min: 0.0024529340164614055
  num_samples: 2734
  rmse: 3.4182489097725965
  std: 1.9260004309234677
trans:
  max: 0.27564167039947335
  mean: 0.09986321823163473
  median: 0.09863422382499042
  min: 0.009512348466817207
  num_samples: 2734
  rmse: 0.10735659885053185
  std: 0.03940529103020202
