rot:
  max: 151.10673522618094
  mean: 87.07558231482372
  median: 87.86633997203273
  min: 41.73902863747435
  num_samples: 2738
  rmse: 88.07115736535158
  std: 13.204988610630485
scale:
  max: 9.049727677966047
  mean: 3.063587683398302
  median: 2.9912337488845866
  min: 0.0009251465044046725
  num_samples: 2738
  rmse: 3.6149443277113855
  std: 1.9189197478224387
trans:
  max: 0.22042556090987206
  mean: 0.09118953326604416
  median: 0.08882702258400896
  min: 0.006812809863228133
  num_samples: 2738
  rmse: 0.09908677160617038
  std: 0.038764124265284375
