rot:
  max: 179.99903081639195
  mean: 168.6876134863667
  median: 171.80585362592956
  min: 135.54287056760614
  num_samples: 2735
  rmse: 168.97941975495692
  std: 9.926396979574832
scale:
  max: 39.929111517763616
  mean: 15.041163711141037
  median: 15.291980767510605
  min: 0.02351363317982802
  num_samples: 2735
  rmse: 16.666980795531106
  std: 7.1799472876377255
trans:
  max: 0.9655098932440985
  mean: 0.32312012401546364
  median: 0.31049769413835787
  min: 0.04837650620261806
  num_samples: 2735
  rmse: 0.3556854870770864
  std: 0.14867935691781659
