rot:
  max: 179.99834906909322
  mean: 166.4262750796859
  median: 169.846152705968
  min: 109.05628489237343
  num_samples: 2676
  rmse: 166.8845474630369
  std: 12.359091594585072
scale:
  max: 37.34594179673611
  mean: 3.623232255076921
  median: 2.119645971387035
  min: 0.00045555902572491647
  num_samples: 2676
  rmse: 6.453533089991557
  std: 5.340437937977206
trans:
  max: 1.499836681254782
  mean: 0.15571495185962517
  median: 0.09363185546484534
  min: 0.007984517348808009
  num_samples: 2676
  rmse: 0.2833276784563549
  std: 0.23670113465469986
