rot:
  max: 153.274568191016
  mean: 85.83482796477013
  median: 88.48665196877025
  min: 31.515255927198215
  num_samples: 2736
  rmse: 87.07083524974588
  std: 14.618914438039225
scale:
  max: 105.09229040812724
  mean: 27.293124119608002
  median: 24.440526958682856
  min: 0.0008356178418100768
  num_samples: 2736
  rmse: 33.30078977805949
  std: 19.07951717508022
trans:
  max: 1.4181991810802392
  mean: 0.6266063729641929
  median: 0.5760147330959093
  min: 0.1280274038940143
  num_samples: 2736
  rmse: 0.6753722430593797
  std: 0.25197642757948147
