rot:
  max: 179.99942211342847
  mean: 166.52651349911613
  median: 170.4376808008833
  min: 128.71539787910487
  num_samples: 2735
  rmse: 166.95550822054338
  std: 11.960853941447867
scale:
  max: 99.32216023770624
  mean: 22.0822112255346
  median: 19.93098708975274
  min: 0.03136567990124073
  num_samples: 2735
  rmse: 26.350011611647965
  std: 14.377032354587504
trans:
  max: 1.4486991958767796
  mean: 0.601896939938527
  median: 0.5579918901295954
  min: 0.027934868969363185
  num_samples: 2735
  rmse: 0.672409195531383
  std: 0.2997569013847712
