rot:
  max: 148.9831383642051
  mean: 88.71089313050511
  median: 89.03908935734006
  min: 42.197241093795554
  num_samples: 2752
  rmse: 89.84620330427722
  std: 14.23789619928548
scale:
  max: 49.084685845633615
  mean: 15.876161856066156
  median: 14.353531280973513
  min: 0.035295631264209426
  num_samples: 2752
  rmse: 19.12996042831791
  std: 10.672528786983872
trans:
  max: 1.1186350653846602
  mean: 0.4633898210005307
  median: 0.4466663705927273
  min: 0.05006081977912832
  num_samples: 2752
  rmse: 0.5301567770296522
  std: 0.25755791974537356
