rot:
  max: 179.99999999999997
  mean: 144.09576039741134
  median: 143.32668208191413
  min: 60.94884876356889
  num_samples: 2655
  rmse: 145.8726271492782
  std: 22.698792631418176
scale:
  max: 69.58459316171015
  mean: 0.44358498594360085
  median: 0.28074075884632066
  min: 0.0006064760847190875
  num_samples: 2655
  rmse: 2.2859312627659345
  std: 2.2424794532695476
trans:
  max: 1.4251513962017441
  mean: 0.012981198730174082
  median: 0.009485248296984475
  min: 0.00019173779093592972
  num_samples: 2655
  rmse: 0.04768808920031465
  std: 0.04588727853234378
