rot:
  max: 179.98583373122835
  mean: 144.05885400395158
  median: 143.23866795707468
  min: 60.907440618664126
  num_samples: 2655
  rmse: 145.83816359782654
  std: 22.711594938590192
scale:
  max: 33.26196615635793
  mean: 0.46863652802303735
  median: 0.31546856439461646
  min: 1.3710723933968438e-05
  num_samples: 2655
  rmse: 1.178127918975318
  std: 1.0809094310216876
trans:
  max: 0.6760901161601586
  mean: 0.01508866583697966
  median: 0.012265484558027237
  min: 0.0007138761809125713
  num_samples: 2655
  rmse: 0.027051701665752402
  std: 0.02245276656166976
