rot:
  max: 152.2176559039729
  mean: 87.58145038111866
  median: 88.06026353127905
  min: 41.23855617353406
  num_samples: 2738
  rmse: 88.5694933750108
  std: 13.192600420149695
scale:
  max: 8.288829892149497
  mean: 2.4272863388633232
  median: 2.2873594680516254
  min: 0.004028695442137575
  num_samples: 2738
  rmse: 2.8294566102555883
  std: 1.4539964712771871
trans:
  max: 0.18247514223140004
  mean: 0.08182909776428222
  median: 0.08002694373326048
  min: 0.016785726640792826
  num_samples: 2738
  rmse: 0.0870032075035625
  std: 0.02955599558450854
