rot:
  max: 179.9972866901183
  mean: 144.07872572213662
  median: 143.28535234141057
  min: 60.915178303585016
  num_samples: 2655
  rmse: 145.8566107320578
  std: 22.704001597259648
scale:
  max: 18.933090860911683
  mean: 0.42561183430683014
  median: 0.30241539898197
  min: 1.644883449447576e-05
  num_samples: 2655
  rmse: 0.7890345721904289
  std: 0.664402079022717
trans:
  max: 0.38995326214105325
  mean: 0.013896320321013586
  median: 0.01132707206135874
  min: 0.0006160502564625006
  num_samples: 2655
  rmse: 0.019805447096232106
  std: 0.014111981300208446
