rot:
  max: 152.7617197123061
  mean: 86.86001883326814
  median: 87.96955765936819
  min: 39.58836481488922
  num_samples: 2751
  rmse: 87.83431305420928
  std: 13.046213166629757
scale:
  max: 32.184569034360955
  mean: 5.9381744756898085
  median: 4.010933271442918
  min: 0.005610875321115927
  num_samples: 2751
  rmse: 8.735752905512465
  std: 6.407141540690004
trans:
  max: 0.48904624626209736
  mean: 0.1414524087968292
  median: 0.11086748940957723
  min: 0.004699801752876294
  num_samples: 2751
  rmse: 0.17200006687446315
  std: 0.09785315043673615
