rot:
  max: 179.97153959192508
  mean: 141.22521832421904
  median: 141.31816152681813
  min: 61.16613387357789
  num_samples: 2616
  rmse: 143.0308041360213
  std: 22.65499152667118
scale:
  max: 2.9718505609804824
  mean: 0.32230652786818864
  median: 0.24143693868614036
  min: 0.0001132607229337168
  num_samples: 2616
  rmse: 0.4376170827393809
  std: 0.29601894060833184
trans:
  max: 0.09214754344754271
  mean: 0.010975026729057497
  median: 0.009606708345821516
  min: 0.00035272160512502513
  num_samples: 2616
  rmse: 0.013173945325571592
  std: 0.007287086093743026
