rot:
  max: 160.89573199472792
  mean: 87.30758168871314
  median: 87.98016135617823
  min: 41.15423154837065
  num_samples: 2676
  rmse: 88.35054168705446
  std: 13.53530184608531
scale:
  max: 48.609439629231986
  mean: 2.759312736424636
  median: 1.6209331435106056
  min: 0.0004395781766586282
  num_samples: 2676
  rmse: 6.257070626292633
  std: 5.615792557156906
trans:
  max: 1.0123364275947913
  mean: 0.09077313276110457
  median: 0.0743622165596396
  min: 0.011859288066533647
  num_samples: 2676
  rmse: 0.13252759812578602
  std: 0.09655983965254265
