rot:
  max: 154.37026801403033
  mean: 88.68368907638357
  median: 88.01978009813172
  min: 44.890638585839966
  num_samples: 2678
  rmse: 89.63080528664864
  std: 12.995558785079066
scale:
  max: 134.8174464782777
  mean: 20.3832994689732
  median: 19.811142682563514
  min: 0.01612563938799827
  num_samples: 2678
  rmse: 23.840489547642708
  std: 12.364871395587546
trans:
  max: 2.6938564266399534
  mean: 0.8677152139898805
  median: 0.9061584075333161
  min: 0.032677491284746375
  num_samples: 2678
  rmse: 0.9493017120273105
  std: 0.3850247366968521
