rot:
  max: 179.99787055575487
  mean: 168.9446382346303
  median: 171.57413906778788
  min: 135.72620820589702
  num_samples: 2671
  rmse: 169.1977374647787
  std: 9.251139117434246
scale:
  max: 25.390044883248986
  mean: 0.6448535442193415
  median: 0.22085804550807664
  min: 0.00028916363502551334
  num_samples: 2671
  rmse: 2.041386054424041
  std: 1.936858520828178
trans:
  max: 0.6051263841268439
  mean: 0.021173812279023103
  median: 0.007837824510659902
  min: 0.0006004038174110654
  num_samples: 2671
  rmse: 0.05878023761952691
  std: 0.054834168254663564
