rot:
  max: 153.55364521093708
  mean: 87.26864916991606
  median: 88.14187433733862
  min: 41.094379339195186
  num_samples: 2675
  rmse: 88.26631287265546
  std: 13.233474985490705
scale:
  max: 22.892285546855785
  mean: 1.5945801666897141
  median: 1.3083290952039972
  min: 0.0013830759547417415
  num_samples: 2675
  rmse: 2.2943983774018104
  std: 1.6497205842880995
trans:
  max: 0.4893456930020076
  mean: 0.07065923119567195
  median: 0.06643707621384548
  min: 0.004000109783071855
  num_samples: 2675
  rmse: 0.07790406621796242
  std: 0.03280726413660939
