rot:
  max: 179.99509625033505
  mean: 169.01326623170294
  median: 171.68054529584776
  min: 135.5554072965276
  num_samples: 2672
  rmse: 169.26786346149007
  std: 9.28037922227046
scale:
  max: 4.282335543107063
  mean: 0.4156411954913374
  median: 0.2928200721138918
  min: 0.00014952677473978326
  num_samples: 2672
  rmse: 0.5841223048067169
  std: 0.4104159640940426
trans:
  max: 0.24248845196397895
  mean: 0.013132999684123405
  median: 0.010866841892740352
  min: 0.0007386064717844672
  num_samples: 2672
  rmse: 0.01728188716923603
  std: 0.01123334070644258
