rot:
  max: 179.99651747932316
  mean: 143.47659086185305
  median: 142.93785006007727
  min: 59.789635982585835
  num_samples: 2665
  rmse: 145.32182157862738
  std: 23.084620455855138
scale:
  max: 21.59414091395011
  mean: 0.35292496685782104
  median: 0.2120563253624419
  min: 3.709962428377622e-05
  num_samples: 2665
  rmse: 0.8509662642146497
  std: 0.7743303885292399
trans:
  max: 0.4602896948803088
  mean: 0.011182934064159794
  median: 0.00872392803539479
  min: 0.00020562029179769451
  num_samples: 2665
  rmse: 0.019988816213391436
  std: 0.016567883369018387
