rot:
  max: 151.9185609468272
  mean: 87.19187430596695
  median: 87.72358281853181
  min: 41.70645902061715
  num_samples: 2734
  rmse: 88.18215998451984
  std: 13.178406373605805
scale:
  max: 7.344021318294658
  mean: 2.8040402123642223
  median: 2.7608705309054624
  min: 0.0005298830972444435
  num_samples: 2734
  rmse: 3.2871234159723772
  std: 1.7153830007547328
trans:
  max: 0.23769756710587206
  mean: 0.09086151584377132
  median: 0.08917743838007441
  min: 0.009247012543482182
  num_samples: 2734
  rmse: 0.09681223814240528
  std: 0.033418473823827954
