rot:
  max: 152.07818863123512
  mean: 87.06158352532013
  median: 87.8510321918852
  min: 41.48415665545318
  num_samples: 2738
  rmse: 88.04632353704513
  std: 13.131479827259618
scale:
  max: 8.653475616627615
  mean: 1.8583832918486278
  median: 1.5172445917497168
  min: 0.004611197790993504
  num_samples: 2738
  rmse: 2.3274580906821782
  std: 1.401239702713206
trans:
  max: 0.18688050383548074
  mean: 0.07101126808568575
  median: 0.06646057592968571
  min: 0.007764668056497798
  num_samples: 2738
  rmse: 0.07825340301780452
  std: 0.03287848671593342
