rot:
  max: 151.09475927803015
  mean: 88.11795369808004
  median: 88.44273051285636
  min: 42.01655955433822
  num_samples: 2751
  rmse: 89.16757416335528
  std: 13.64120662699929
scale:
  max: 17.24468093905599
  mean: 6.576330631226892
  median: 6.050639088456366
  min: 0.0040261180060285895
  num_samples: 2751
  rmse: 7.646671627883866
  std: 3.9017255687030468
trans:
  max: 0.4173956894913923
  mean: 0.1598335871952632
  median: 0.14949386943597176
  min: 0.016037497871156395
  num_samples: 2751
  rmse: 0.17362423091641252
  std: 0.0678129631089064
