rot:
  max: 179.99552409786307
  mean: 142.4811161050563
  median: 142.7872985713317
  min: 67.86991201156142
  num_samples: 2615
  rmse: 144.09321552200626
  std: 21.49386686775608
scale:
  max: 4.632394862329181
  mean: 0.5214536777814646
  median: 0.3913067123789027
  min: 0.00027803647810742405
  num_samples: 2615
  rmse: 0.713177304972952
  std: 0.48652639214812093
trans:
  max: 0.10261256123087889
  mean: 0.016304972518939084
  median: 0.013800798466198829
  min: 0.000560372444399571
  num_samples: 2615
  rmse: 0.01965185403011292
  std: 0.01097010656181181
