rot:
  max: 179.99829636107745
  mean: 143.4393936341198
  median: 142.8591315180908
  min: 59.737549810438885
  num_samples: 2665
  rmse: 145.29078107352242
  std: 23.12036805135808
scale:
  max: 25.01224121932174
  mean: 0.5058504295452546
  median: 0.2895471158840035
  min: 6.020115719262975e-05
  num_samples: 2665
  rmse: 1.557096280530799
  std: 1.4726385061418628
trans:
  max: 0.5351970076423339
  mean: 0.015378636768231707
  median: 0.011263663835434019
  min: 0.0004227986476372989
  num_samples: 2665
  rmse: 0.03550237424655209
  std: 0.031998689165230486
