rot:
  max: 151.93537598232325
  mean: 87.09947833830735
  median: 87.8173902966657
  min: 41.452617802420306
  num_samples: 2734
  rmse: 88.08705017843347
  std: 13.153299294571555
scale:
  max: 7.461806194495201
  mean: 2.6867384119858286
  median: 2.5684465548091673
  min: 0.0010340039087619601
  num_samples: 2734
  rmse: 3.203615925930162
  std: 1.7448758426986262
trans:
  max: 0.20160248348319326
  mean: 0.08840251045761584
  median: 0.08784424303605638
  min: 0.016573332583033312
  num_samples: 2734
  rmse: 0.09353923537721524
  std: 0.030570978063274464
