rot:
  max: 179.98035248317566
  mean: 143.46383786435385
  median: 142.82372795316775
  min: 59.775394063050605
  num_samples: 2665
  rmse: 145.3094978125655
  std: 23.086302860578876
scale:
  max: 11.639649996050084
  mean: 0.29905174193226886
  median: 0.1855459806384241
  min: 3.5913449814017895e-05
  num_samples: 2665
  rmse: 0.6318501050966994
  std: 0.5565991474643015
trans:
  max: 0.2340155324741996
  mean: 0.010224156219171462
  median: 0.00825261150719876
  min: 0.0005920827928294985
  num_samples: 2665
  rmse: 0.016069556908088804
  std: 0.012397471065837648
