rot:
  max: 150.53515095966443
  mean: 87.0721695294988
  median: 87.62277346893357
  min: 42.73756520413594
  num_samples: 2735
  rmse: 88.12802566895958
  std: 13.600963264969163
scale:
  max: 40.61994537485748
  mean: 15.072027193996927
  median: 14.592227118798995
  min: 0.021300528444712086
  num_samples: 2735
  rmse: 17.182216680871736
  std: 8.25000402011076
trans:
  max: 1.0411395043283476
  mean: 0.36046711175076
  median: 0.3459469727636985
  min: 0.04377063537470847
  num_samples: 2735
  rmse: 0.4012768602718595
  std: 0.1763138676783721
