rot:
  max: 179.9655130597832
  mean: 143.9591694757206
  median: 143.1480520206111
  min: 60.74605030091606
  num_samples: 2652
  rmse: 145.74228871913945
  std: 22.728225732638684
scale:
  max: 125.8812592249154
  mean: 1.0000100575600754
  median: 0.597009123761405
  min: 7.329534379429958e-06
  num_samples: 2652
  rmse: 4.43799587575076
  std: 4.323862541519958
trans:
  max: 2.496567788628349
  mean: 0.026869487131679602
  median: 0.018747947960366905
  min: 0.0018438391085189017
  num_samples: 2652
  rmse: 0.08851507632476877
  std: 0.08433830326761468
