rot:
  max: 153.39139217245562
  mean: 87.41596872697845
  median: 88.16920943640538
  min: 40.964490238382076
  num_samples: 2675
  rmse: 88.42596116406338
  std: 13.326628204927976
scale:
  max: 21.134721443416517
  mean: 1.734182461572355
  median: 1.4335598889188228
  min: 0.0015002426535737357
  num_samples: 2675
  rmse: 2.4292006234522843
  std: 1.7010663887561313
trans:
  max: 0.44693380358315044
  mean: 0.07540534315338061
  median: 0.07164150227935633
  min: 0.00748110495336234
  num_samples: 2675
  rmse: 0.0823546200307252
  std: 0.03311068806784356
