rot:
  max: 153.35846410823333
  mean: 87.27475201865303
  median: 88.09321770319501
  min: 41.12299533284159
  num_samples: 2671
  rmse: 88.27366516850402
  std: 13.242266511582638
scale:
  max: 13.61736189572824
  mean: 1.5839981394414508
  median: 1.298294838438263
  min: 0.0009030876565896406
  num_samples: 2671
  rmse: 2.044076373657959
  std: 1.291974502686754
trans:
  max: 0.2744465359139488
  mean: 0.0697199627372465
  median: 0.06698068714879825
  min: 0.0057108268539431874
  num_samples: 2671
  rmse: 0.07483153502361331
  std: 0.027182447091960486
