rot:
  max: 151.3304632226475
  mean: 87.48990320496868
  median: 88.04633489438805
  min: 43.408854405305505
  num_samples: 2735
  rmse: 88.53460053581695
  std: 13.5606905879413
scale:
  max: 38.46687089206189
  mean: 14.876518218463215
  median: 14.68873126330531
  min: 0.013024123282967537
  num_samples: 2735
  rmse: 16.494339887760205
  std: 7.124075661353478
trans:
  max: 0.958534329738493
  mean: 0.33492880289635274
  median: 0.3215926381845499
  min: 0.022276490511704914
  num_samples: 2735
  rmse: 0.368242644763953
  std: 0.15305339726110914
