rot:
  max: 179.97441934030027
  mean: 143.3839860250355
  median: 142.84295492763766
  min: 59.599717450713385
  num_samples: 2666
  rmse: 145.23669937397722
  std: 23.124259915063405
scale:
  max: 4.124617658314089
  mean: 0.6288097875960563
  median: 0.4812096265477739
  min: 0.00017951739933463884
  num_samples: 2666
  rmse: 0.8497701139630398
  std: 0.5715833251662968
trans:
  max: 0.0816852155576085
  mean: 0.019966881457184966
  median: 0.017850227099200935
  min: 0.0006954934592211979
  num_samples: 2666
  rmse: 0.023214112427840883
  std: 0.011841396061578179
