rot:
  max: 163.72122155611217
  mean: 85.54069166916719
  median: 84.26766200544809
  min: 18.495966834753624
  num_samples: 2387
  rmse: 88.55949243151024
  std: 22.925395710590994
scale:
  max: 56.95776523112694
  mean: 17.535300694541796
  median: 17.22990937842166
  min: 0.01345151849581061
  num_samples: 2387
  rmse: 20.165987243859
  std: 9.958929213097461
trans:
  max: 2.0010144475254243
  mean: 0.8459827788298039
  median: 0.8293852872840387
  min: 0.10079470776330589
  num_samples: 2387
  rmse: 0.9056353550720445
  std: 0.32324686275332987
