rot:
  max: 179.95771067716703
  mean: 144.01534483177292
  median: 143.2250191079929
  min: 60.8398036691264
  num_samples: 2652
  rmse: 145.79341644954815
  std: 22.700236408833995
scale:
  max: 9.700357957597694
  mean: 0.5870148346062785
  median: 0.41534805550184073
  min: 0.0004896940486220913
  num_samples: 2652
  rmse: 0.8439495300356417
  std: 0.6063533567149966
trans:
  max: 0.25328798199135194
  mean: 0.01901293613777347
  median: 0.016458743244852476
  min: 0.0009181918849806277
  num_samples: 2652
  rmse: 0.023166068847749195
  std: 0.013235369480282932
