rot:
  max: 153.40184782252012
  mean: 87.26216088530475
  median: 88.06029737482484
  min: 40.53258908393366
  num_samples: 2672
  rmse: 88.27711000095246
  std: 13.347787372723552
scale:
  max: 5.996298196087524
  mean: 1.585481689023065
  median: 1.3714310031885002
  min: 0.00010282433697827997
  num_samples: 2672
  rmse: 1.971946326556849
  std: 1.1725272400220081
trans:
  max: 0.14353424918154065
  mean: 0.0705723841665123
  median: 0.06758716151570354
  min: 0.006587504067650679
  num_samples: 2672
  rmse: 0.07477057301961502
  std: 0.024701764769663247
