rot:
  max: 153.3458212846655
  mean: 87.24208017491397
  median: 88.05781726558122
  min: 41.14752143465995
  num_samples: 2671
  rmse: 88.2378998014778
  std: 13.21916820868515
scale:
  max: 5.248774437936088
  mean: 1.5054885254127381
  median: 1.2806610375753147
  min: 0.00024507923335193027
  num_samples: 2671
  rmse: 1.8735594925244266
  std: 1.1152261976294122
trans:
  max: 0.13773615981844167
  mean: 0.06769142351694948
  median: 0.06438453023726072
  min: 0.0069478852581699975
  num_samples: 2671
  rmse: 0.07163004970359306
  std: 0.023425097711390612
