rot:
  max: 152.16516141624723
  mean: 86.54676035715093
  median: 88.59692846053866
  min: 36.993047521928794
  num_samples: 2735
  rmse: 87.5570128846009
  std: 13.26230662275833
scale:
  max: 73.83400818180228
  mean: 15.354408421719347
  median: 11.52261948134572
  min: 0.028755396047319692
  num_samples: 2735
  rmse: 21.156750319596515
  std: 14.555075613159199
trans:
  max: 0.9601878782955132
  mean: 0.31145026772208356
  median: 0.2634792914324099
  min: 0.02650132719258244
  num_samples: 2735
  rmse: 0.37242616843635334
  std: 0.20420573369037776
