rot:
  max: 153.6166171717567
  mean: 87.303643336533
  median: 88.08363872979548
  min: 40.69090643837993
  num_samples: 2672
  rmse: 88.32367909050649
  std: 13.38454886240869
scale:
  max: 9.190497358003235
  mean: 1.8558006090669794
  median: 1.5219585763613375
  min: 2.6787399631800213e-06
  num_samples: 2672
  rmse: 2.3996356200466904
  std: 1.5212676320698721
trans:
  max: 0.23483539866533654
  mean: 0.07520371682468323
  median: 0.07083556091882065
  min: 0.008214340532779195
  num_samples: 2672
  rmse: 0.08276391660441543
  std: 0.034558166436538286
