rot:
  max: 152.2822099961821
  mean: 87.864697323679
  median: 88.23050414609142
  min: 42.612569732491664
  num_samples: 2751
  rmse: 88.88101447772713
  std: 13.402600449472969
scale:
  max: 21.34060975745452
  mean: 7.5972871504386905
  median: 7.272127677076656
  min: 0.0033324081557317697
  num_samples: 2751
  rmse: 8.561423875076231
  std: 3.9470503825647643
trans:
  max: 0.5321327010825009
  mean: 0.1719662341354431
  median: 0.17021996040732962
  min: 0.01121742256636698
  num_samples: 2751
  rmse: 0.18992182045991396
  std: 0.08060962848246948
