rot:
  max: 179.99100689406262
  mean: 141.27409448446377
  median: 141.4385264512852
  min: 61.350247497034346
  num_samples: 2616
  rmse: 143.07444103676036
  std: 22.625779667808523
scale:
  max: 5.320468102877451
  mean: 0.319858828416568
  median: 0.22818825377706187
  min: 0.00011304111284804463
  num_samples: 2616
  rmse: 0.4722751877450805
  std: 0.3474682472451703
trans:
  max: 0.16639832531579063
  mean: 0.011342228281146243
  median: 0.009285277599114572
  min: 0.0003992810805358805
  num_samples: 2616
  rmse: 0.014502356868920319
  std: 0.009037267970569814
