rot:
  max: 152.6979356568512
  mean: 87.72674124695584
  median: 88.17359705887422
  min: 42.97856426559704
  num_samples: 2735
  rmse: 88.74659254574429
  std: 13.41553422976624
scale:
  max: 27.576890504222117
  mean: 13.746221465631411
  median: 13.54831381280479
  min: 0.0874249235064406
  num_samples: 2735
  rmse: 14.925938030206185
  std: 5.815928257756425
trans:
  max: 0.6474848721259407
  mean: 0.281629873404117
  median: 0.26587008577963894
  min: 0.059946152034425874
  num_samples: 2735
  rmse: 0.3049839512282513
  std: 0.11704625117096827
