rot:
  max: 179.9969146931441
  mean: 168.95781156343764
  median: 171.79335604633616
  min: 138.34384278210558
  num_samples: 2734
  rmse: 169.2373551899469
  std: 9.723183808923475
scale:
  max: 17.510414522255502
  mean: 7.609234637846958
  median: 8.03145500537078
  min: 0.00029656458190308044
  num_samples: 2734
  rmse: 8.383413304878617
  std: 3.5186882309471517
trans:
  max: 0.23299298891312215
  mean: 0.13825190351847824
  median: 0.14233190189558698
  min: 0.04403996913238703
  num_samples: 2734
  rmse: 0.1440528593924082
  std: 0.040467733722637636
