rot:
  max: 153.49195264538736
  mean: 88.23234256567082
  median: 88.45736186703414
  min: 43.22381481017583
  num_samples: 2734
  rmse: 89.24445898830035
  std: 13.402506686756414
scale:
  max: 18.41006384554058
  mean: 9.243446677481058
  median: 9.785056325452201
  min: 0.12178615557851824
  num_samples: 2734
  rmse: 10.092453312026537
  std: 4.051704255742273
trans:
  max: 0.37504480522157885
  mean: 0.1900989883589058
  median: 0.18698838552471297
  min: 0.05220589757958238
  num_samples: 2734
  rmse: 0.2007962016426569
  std: 0.06466443550390813
