rot:
  max: 154.5727584611168
  mean: 85.88200853982678
  median: 88.58402704292283
  min: 31.058242757375243
  num_samples: 2736
  rmse: 87.15041113648459
  std: 14.814680908592559
scale:
  max: 100.550966377115
  mean: 26.84451560471067
  median: 23.99645484816078
  min: 0.00401462719006318
  num_samples: 2736
  rmse: 32.57505605552792
  std: 18.45281168194245
trans:
  max: 1.4024586014854823
  mean: 0.6464234031694499
  median: 0.5929423728791907
  min: 0.10561235134218623
  num_samples: 2736
  rmse: 0.6962198175413936
  std: 0.25857072180004903
