rot:
  max: 179.9965876832368
  mean: 169.03613306111689
  median: 171.6795798031748
  min: 135.42838611736153
  num_samples: 2676
  rmse: 169.29062965858841
  std: 9.279170757438962
scale:
  max: 8.294707282029712
  mean: 0.5774018470576483
  median: 0.38575755600034345
  min: 1.4873836184925437e-05
  num_samples: 2676
  rmse: 0.9096676189919196
  std: 0.7029240955158972
trans:
  max: 0.1869941039504237
  mean: 0.01874789096876307
  median: 0.012079850505645601
  min: 0.00043502257741777594
  num_samples: 2676
  rmse: 0.029050385150982523
  std: 0.022191022095518684
