rot:
  max: 153.1363127288716
  mean: 86.20379082334475
  median: 88.58708882965588
  min: 34.131506287818844
  num_samples: 2735
  rmse: 87.26055281297677
  std: 13.539221724727598
scale:
  max: 97.91736168705789
  mean: 21.302845744230833
  median: 16.522852435884584
  min: 0.000545299858689674
  num_samples: 2735
  rmse: 28.191056917214535
  std: 18.46413965791899
trans:
  max: 1.2806440603994285
  mean: 0.4484490644649149
  median: 0.36891947933544234
  min: 0.053046040191970976
  num_samples: 2735
  rmse: 0.5203763472773498
  std: 0.2639791268003201
