rot:
  max: 154.2992593494313
  mean: 86.01554057680816
  median: 88.68749608600822
  min: 31.81025304453636
  num_samples: 2736
  rmse: 87.26341413354514
  std: 14.704768802061565
scale:
  max: 104.52027244175875
  mean: 27.770926124240418
  median: 25.09218494437154
  min: 0.008812575067107531
  num_samples: 2736
  rmse: 33.7139953837602
  std: 19.115678040241914
trans:
  max: 1.3873205055984454
  mean: 0.6263069364983354
  median: 0.573913345425125
  min: 0.0995025785973508
  num_samples: 2736
  rmse: 0.6757553513197475
  std: 0.25374182968392495
