rot:
  max: 179.94729054419957
  mean: 141.44022126085088
  median: 141.4771111187783
  min: 62.74372001474823
  num_samples: 2616
  rmse: 143.2008839197871
  std: 22.38653535252591
scale:
  max: 4.6822098915601185
  mean: 0.36590210013941893
  median: 0.2567251355478306
  min: 0.0001366307176065007
  num_samples: 2616
  rmse: 0.537934708382486
  std: 0.39432144704049865
trans:
  max: 0.2477411130593648
  mean: 0.012297443306756185
  median: 0.010283342660974706
  min: 0.0003453802950622487
  num_samples: 2616
  rmse: 0.01643808763393539
  std: 0.01090796100002455
