rot:
  max: 153.5214513813864
  mean: 87.2793920228598
  median: 88.06372398085978
  min: 40.925324118186694
  num_samples: 2673
  rmse: 88.28045562121208
  std: 13.256944323967206
scale:
  max: 7.017593208708927
  mean: 1.5114703808696313
  median: 1.2622183257649855
  min: 0.0008082373314621805
  num_samples: 2673
  rmse: 1.881695679321915
  std: 1.120819306281161
trans:
  max: 0.16164931584015715
  mean: 0.06852844942510189
  median: 0.06682392646460723
  min: 0.0031426229790847515
  num_samples: 2673
  rmse: 0.07250010373025081
  std: 0.02366678390251597
