rot:
  max: 153.52026666473793
  mean: 87.27441312149718
  median: 88.0707994868312
  min: 40.78413177076865
  num_samples: 2676
  rmse: 88.28291015157059
  std: 13.305977571322
scale:
  max: 5.275985821214624
  mean: 1.5568954768051246
  median: 1.3296930727378364
  min: 0.0029576672518238922
  num_samples: 2676
  rmse: 1.9351092719235667
  std: 1.1492277270359903
trans:
  max: 0.13884879866384042
  mean: 0.06866181113789356
  median: 0.06595223267015145
  min: 0.005252697353829348
  num_samples: 2676
  rmse: 0.07264813684937714
  std: 0.023734099497349136
