rot:
  max: 153.44559881558476
  mean: 87.74474930820578
  median: 88.28700682772674
  min: 42.52080504840766
  num_samples: 2751
  rmse: 88.75038202436895
  std: 13.322510210599804
scale:
  max: 26.49999954319001
  mean: 9.139206243179652
  median: 9.205818073807748
  min: 0.014055189260864243
  num_samples: 2751
  rmse: 10.578554110602902
  std: 5.3273554711113125
trans:
  max: 0.7119534322239983
  mean: 0.2360357602488236
  median: 0.2285347539976578
  min: 0.014587193472023136
  num_samples: 2751
  rmse: 0.26590158201893654
  std: 0.12243680494007146
