rot:
  max: 179.9995925432855
  mean: 169.02504985476563
  median: 171.63075765503828
  min: 135.63247291510422
  num_samples: 2670
  rmse: 169.27889902254753
  std: 9.267047851384682
scale:
  max: 2.28795057708282
  mean: 0.3003497435659048
  median: 0.21168775791337024
  min: 0.00051026984360103
  num_samples: 2670
  rmse: 0.42767181212948235
  std: 0.30445559681176904
trans:
  max: 0.05242481204235138
  mean: 0.009305262419685871
  median: 0.0075122505187557795
  min: 0.00043777469501813466
  num_samples: 2670
  rmse: 0.0116931421180112
  std: 0.007081077876481022
