rot:
  max: 179.99615433719856
  mean: 168.9289825398993
  median: 171.90867157374885
  min: 129.15796042298453
  num_samples: 2735
  rmse: 169.19323757508164
  std: 9.452539297584584
scale:
  max: 45.5000980429455
  mean: 16.909598551837433
  median: 15.650047908111265
  min: 0.013188439501199412
  num_samples: 2735
  rmse: 19.490051856374542
  std: 9.691625156797294
trans:
  max: 1.2749148515318285
  mean: 0.44620901345233954
  median: 0.380210257360522
  min: 0.07849931843207342
  num_samples: 2735
  rmse: 0.5094152208066561
  std: 0.24576692923048887
