rot:
  max: 179.9974530870053
  mean: 169.0196967020071
  median: 171.64332935904253
  min: 135.73372785956659
  num_samples: 2671
  rmse: 169.27292993616803
  std: 9.255643464201317
scale:
  max: 14.646958813021582
  mean: 0.3866591307982958
  median: 0.20239552923356774
  min: 0.0003850457343190783
  num_samples: 2671
  rmse: 0.9381744617619692
  std: 0.8547900545003223
trans:
  max: 0.31416645004327187
  mean: 0.012195542238801966
  median: 0.006608874319393736
  min: 0.0004442400054503638
  num_samples: 2671
  rmse: 0.025304422149043816
  std: 0.022171660510629684
