rot:
  max: 149.0592698393886
  mean: 84.45607794616578
  median: 84.40131754340042
  min: 39.2027474389307
  num_samples: 2735
  rmse: 85.6032796199024
  std: 13.967547373621866
scale:
  max: 44.56137898230747
  mean: 17.635592606417678
  median: 17.901122568519835
  min: 0.02020224756715816
  num_samples: 2735
  rmse: 20.435040343623157
  std: 10.323601467800508
trans:
  max: 1.3433157558584623
  mean: 0.48420867760293634
  median: 0.3974785530685371
  min: 0.01786359214031041
  num_samples: 2735
  rmse: 0.5725139771551484
  std: 0.30547374776242403
