rot:
  max: 153.51109234506362
  mean: 87.29847310187195
  median: 88.16197397151589
  min: 40.873009541372326
  num_samples: 2673
  rmse: 88.30201474293568
  std: 13.274878596181647
scale:
  max: 19.26804516825277
  mean: 1.6857222422576934
  median: 1.3883890971947865
  min: 0.00031190094677002733
  num_samples: 2673
  rmse: 2.291962284723348
  std: 1.5528785002542702
trans:
  max: 0.40161308252976546
  mean: 0.07024939134548487
  median: 0.06644075264721476
  min: 0.00254727459463302
  num_samples: 2673
  rmse: 0.07679917208838262
  std: 0.031034430058403183
