rot:
  max: 148.92681372045433
  mean: 87.53821063069687
  median: 87.722811679491
  min: 43.52200715843672
  num_samples: 2735
  rmse: 88.65519363945911
  std: 14.028721924172233
scale:
  max: 40.96511481327357
  mean: 14.358723945291468
  median: 14.24399944210748
  min: 0.13732988188426276
  num_samples: 2735
  rmse: 16.2059216998097
  std: 7.513916741838179
trans:
  max: 0.9837286192974407
  mean: 0.32336448854142885
  median: 0.311914599861468
  min: 0.04150948744552561
  num_samples: 2735
  rmse: 0.35602344395554086
  std: 0.1489567057782372
