rot:
  max: 151.55194596945947
  mean: 87.40071745005855
  median: 88.04609340802298
  min: 42.38369405365683
  num_samples: 2738
  rmse: 88.39719412077613
  std: 13.235502168078405
scale:
  max: 8.60441933976811
  mean: 2.935144771714344
  median: 2.8902562227307915
  min: 0.0006125371645238076
  num_samples: 2738
  rmse: 3.3676891923162775
  std: 1.6511376881174444
trans:
  max: 0.21061734617385297
  mean: 0.08209323168319785
  median: 0.08030372172466393
  min: 0.005309316450548226
  num_samples: 2738
  rmse: 0.08794600888988868
  std: 0.031546819038837874
