rot:
  max: 151.20112651342907
  mean: 87.44271800277959
  median: 87.99883228671618
  min: 43.21288548243568
  num_samples: 2735
  rmse: 88.47484501099538
  std: 13.474764116897221
scale:
  max: 34.393403143963866
  mean: 13.250141533248842
  median: 12.837740564709588
  min: 0.0022150933144171603
  num_samples: 2735
  rmse: 14.96602330031457
  std: 6.958132132579275
trans:
  max: 0.8055314356359118
  mean: 0.3042647535161102
  median: 0.2946239120782853
  min: 0.03103421461775314
  num_samples: 2735
  rmse: 0.33405967555951144
  std: 0.13790876187794196
