rot:
  max: 179.9983640337984
  mean: 144.064612296197
  median: 143.2873882662863
  min: 60.90646017922087
  num_samples: 2654
  rmse: 145.8413002869629
  std: 22.695205514348814
scale:
  max: 68.24506530126231
  mean: 0.5505454707582829
  median: 0.3810396524487891
  min: 2.8351241232460467e-05
  num_samples: 2654
  rmse: 1.9095973755654556
  std: 1.8285135551573053
trans:
  max: 1.3452568428111378
  mean: 0.016641907969637035
  median: 0.013259940401480807
  min: 0.00042938292519325715
  num_samples: 2654
  rmse: 0.04002194313188398
  std: 0.03639784102363607
