rot:
  max: 179.99578975082827
  mean: 143.97587478680734
  median: 143.19279119797133
  min: 60.827396401092415
  num_samples: 2652
  rmse: 145.7558035769082
  std: 22.709067698253506
scale:
  max: 65.02729949535619
  mean: 0.8101507005636106
  median: 0.4788076193413038
  min: 7.443820218000496e-05
  num_samples: 2652
  rmse: 2.5864663580976073
  std: 2.456311068237697
trans:
  max: 1.3769358467643789
  mean: 0.023110615708059102
  median: 0.016800586437353812
  min: 0.0011763925231679537
  num_samples: 2652
  rmse: 0.058252627423564886
  std: 0.0534721239838392
