rot:
  max: 179.99761308328854
  mean: 144.02303833864116
  median: 143.1943405590025
  min: 60.872685242115374
  num_samples: 2654
  rmse: 145.8027694692981
  std: 22.711495164862544
scale:
  max: 7.1335349948374205
  mean: 0.43643225308787276
  median: 0.30605227481869113
  min: 6.441978948057425e-05
  num_samples: 2654
  rmse: 0.6338899792169881
  std: 0.45972099605777894
trans:
  max: 0.14163722679915072
  mean: 0.014917081371624622
  median: 0.012758202677440465
  min: 0.0006897470416419464
  num_samples: 2654
  rmse: 0.0179753386433794
  std: 0.010029630237276885
