rot:
  max: 152.16968885138786
  mean: 87.04641636469225
  median: 87.78170725084605
  min: 41.32500507017023
  num_samples: 2738
  rmse: 88.0273354518382
  std: 13.104700867057817
scale:
  max: 5.597824584434541
  mean: 1.6457518630163
  median: 1.5556243283222027
  min: 0.0012169872163569906
  num_samples: 2738
  rmse: 1.9848597244929684
  std: 1.1095805204187181
trans:
  max: 0.19187166495104108
  mean: 0.07206180925594899
  median: 0.06502975635762895
  min: 0.010729290428854786
  num_samples: 2738
  rmse: 0.07933756061034554
  std: 0.03318951898355069
