rot:
  max: 151.89342930050537
  mean: 87.84514481960521
  median: 88.42206475147846
  min: 43.5595997496257
  num_samples: 2734
  rmse: 88.86082737093727
  std: 13.396909071502197
scale:
  max: 18.11279825641513
  mean: 9.39333199548891
  median: 10.026667771952846
  min: 0.03438634310630739
  num_samples: 2734
  rmse: 10.218986142931133
  std: 4.024051666162226
trans:
  max: 0.36920771903369926
  mean: 0.18549052173516922
  median: 0.18132158823212435
  min: 0.04269100047543642
  num_samples: 2734
  rmse: 0.196810027802056
  std: 0.06578338232305157
