rot:
  max: 179.99394080125762
  mean: 143.9733565929957
  median: 143.1892661337623
  min: 60.81373690000958
  num_samples: 2652
  rmse: 145.75495281302807
  std: 22.719569997562783
scale:
  max: 12.334405026492856
  mean: 0.6034818070591742
  median: 0.4338140739678309
  min: 0.0006167475850471504
  num_samples: 2652
  rmse: 0.9146592572378174
  std: 0.687321806288312
trans:
  max: 0.34863438912937833
  mean: 0.019114644879525678
  median: 0.016936629661034083
  min: 0.001413184079186068
  num_samples: 2652
  rmse: 0.02485973353218173
  std: 0.01589454945636092
