rot:
  max: 179.97319214900438
  mean: 143.95648989564313
  median: 142.6122918842953
  min: 64.26836819081028
  num_samples: 2550
  rmse: 145.60129958026747
  std: 21.82355279023988
scale:
  max: 16.485841383054446
  mean: 0.24410723618448843
  median: 0.18257282042989376
  min: 6.475956360052493e-05
  num_samples: 2550
  rmse: 0.5789508314330486
  std: 0.5249721158874909
trans:
  max: 0.2565334872441265
  mean: 0.007915805707289655
  median: 0.006671616410589748
  min: 0.000488526537130185
  num_samples: 2550
  rmse: 0.012141799037519883
  std: 0.009206698858546386
