rot:
  max: 179.98919930966673
  mean: 140.69333653687625
  median: 139.9494399823115
  min: 58.665442326122154
  num_samples: 2517
  rmse: 142.52890319236724
  std: 22.800730237001062
scale:
  max: 5.020463442197787
  mean: 0.23488991969987907
  median: 0.1766502019839189
  min: 0.0004199053494247096
  num_samples: 2517
  rmse: 0.34355712254629994
  std: 0.2507154204983763
trans:
  max: 0.31368863487486925
  mean: 0.00827641454241506
  median: 0.006710687650388869
  min: 0.0006541101491541712
  num_samples: 2517
  rmse: 0.013098169842935216
  std: 0.010151995644033624
