rot:
  max: 179.99663407951505
  mean: 144.0200499453506
  median: 143.77667476713762
  min: 66.75337868883298
  num_samples: 2524
  rmse: 145.52469031124525
  std: 20.872486769011875
scale:
  max: 8.782898063872423
  mean: 0.23136724439313058
  median: 0.17196905499868853
  min: 0.00011638524023416252
  num_samples: 2524
  rmse: 0.3812453720778679
  std: 0.3030135837759117
trans:
  max: 0.2245073221764748
  mean: 0.008311027922592126
  median: 0.006892102244997419
  min: 0.0003734784182293702
  num_samples: 2524
  rmse: 0.012177776362356797
  std: 0.008900845577891451
