rot:
  max: 179.98199572546258
  mean: 143.3614869127502
  median: 142.7526706234743
  min: 59.56733594889015
  num_samples: 2666
  rmse: 145.21998912606932
  std: 23.158784768227445
scale:
  max: 11.36116709582634
  mean: 0.6026323081785762
  median: 0.41549378123859615
  min: 0.0003905852288044187
  num_samples: 2666
  rmse: 0.9481664961196921
  std: 0.7320204952754101
trans:
  max: 0.24974887529577025
  mean: 0.019137481529570326
  median: 0.016175204954782522
  min: 0.0012219247102297226
  num_samples: 2666
  rmse: 0.024215112804263347
  std: 0.014836727699481222
