rot:
  max: 179.99515773027863
  mean: 169.03531965238977
  median: 171.6195405515003
  min: 135.34823886874395
  num_samples: 2673
  rmse: 169.2877072506025
  std: 9.240591765685956
scale:
  max: 21.422279185297366
  mean: 0.3528462885553395
  median: 0.20831838044296225
  min: 3.058048680948389e-05
  num_samples: 2673
  rmse: 1.0013600710356407
  std: 0.9371347227145221
trans:
  max: 0.4529813426920608
  mean: 0.011372590211099284
  median: 0.007573207242373997
  min: 0.0003612501840471037
  num_samples: 2673
  rmse: 0.024093506398131397
  std: 0.02124055654749206
