rot:
  max: 153.09975105219044
  mean: 86.31748004757387
  median: 88.83732034259124
  min: 34.54592680527005
  num_samples: 2735
  rmse: 87.39431370463802
  std: 13.676940671851938
scale:
  max: 94.86069329215998
  mean: 22.545486714026957
  median: 18.929663436867994
  min: 0.03431168325056522
  num_samples: 2735
  rmse: 28.736141795750164
  std: 17.817600122718396
trans:
  max: 1.2275309324009638
  mean: 0.47682253097739286
  median: 0.4159688345629154
  min: 0.05654251189853741
  num_samples: 2735
  rmse: 0.5328216236040714
  std: 0.2377796385992537
