rot:
  max: 152.06117648244228
  mean: 87.13893727448153
  median: 87.68895199272193
  min: 41.69962011946686
  num_samples: 2734
  rmse: 88.12674703608477
  std: 13.157855214131336
scale:
  max: 6.970561716841239
  mean: 2.6122088454816303
  median: 2.665170083135193
  min: 0.0007415426631407485
  num_samples: 2734
  rmse: 3.0542493400363835
  std: 1.5826572524397649
trans:
  max: 0.23345057425218482
  mean: 0.08568042830726404
  median: 0.08005903068302313
  min: 0.006560724199627814
  num_samples: 2734
  rmse: 0.09155259664244085
  std: 0.03226053559780522
