rot:
  max: 179.99613362989712
  mean: 168.40062066063
  median: 171.53463991010125
  min: 133.69440989589128
  num_samples: 2735
  rmse: 168.70954420231163
  std: 10.204962815526779
scale:
  max: 45.39258296818032
  mean: 18.12469758093652
  median: 18.969559191938433
  min: 0.02635186804251788
  num_samples: 2735
  rmse: 20.433002314622467
  std: 9.43413595349152
trans:
  max: 1.2328013301677467
  mean: 0.42538693835726327
  median: 0.40932403709220955
  min: 0.056865014974146144
  num_samples: 2735
  rmse: 0.48113938540112033
  std: 0.2248133911918987
