rot:
  max: 150.44914538566022
  mean: 87.24849327388092
  median: 87.74604665006699
  min: 43.251206449687494
  num_samples: 2735
  rmse: 88.3209081906745
  std: 13.721634197977272
scale:
  max: 43.46888242632815
  mean: 17.61282729834691
  median: 18.17264190736544
  min: 0.03844890242032939
  num_samples: 2735
  rmse: 19.844185169078607
  std: 9.14220977572084
trans:
  max: 1.2085771440514226
  mean: 0.42886876786354317
  median: 0.41778405776565625
  min: 0.05144490097986691
  num_samples: 2735
  rmse: 0.4840891960622209
  std: 0.22453046496049014
