rot:
  max: 153.40737640444198
  mean: 87.20687266783584
  median: 88.08811687755144
  min: 40.87096656022809
  num_samples: 2670
  rmse: 88.21172798109548
  std: 13.27668305363412
scale:
  max: 5.243809287606494
  mean: 1.5133891020895116
  median: 1.2990229450867363
  min: 0.000538056813415011
  num_samples: 2670
  rmse: 1.879310419346463
  std: 1.1142087227898017
trans:
  max: 0.13935030873750226
  mean: 0.06798582949914489
  median: 0.06448896724976565
  min: 0.0052308167471094525
  num_samples: 2670
  rmse: 0.07216452302326491
  std: 0.0242001109602525
