rot:
  max: 179.99790672547994
  mean: 143.36671824089544
  median: 142.80696520252218
  min: 59.59620511102471
  num_samples: 2666
  rmse: 145.2241659324086
  std: 23.152591034254122
scale:
  max: 4.1170536395012665
  mean: 0.6886067359129453
  median: 0.5423672616054531
  min: 0.00023312845075507127
  num_samples: 2666
  rmse: 0.8974912045052196
  std: 0.5755964084491406
trans:
  max: 0.10027730967353649
  mean: 0.020580370508965325
  median: 0.01853186072035861
  min: 0.0012964304294206047
  num_samples: 2666
  rmse: 0.02361678688791924
  std: 0.011584514345586716
