rot:
  max: 152.52769750742834
  mean: 87.85871165179665
  median: 88.4159431921557
  min: 42.29245239112526
  num_samples: 2751
  rmse: 88.8621238557219
  std: 13.31629990035161
scale:
  max: 20.13929311652889
  mean: 7.4033834881224045
  median: 6.917007505070005
  min: 0.005523827472075915
  num_samples: 2751
  rmse: 8.461200203767085
  std: 4.09656219481955
trans:
  max: 0.5157678651311068
  mean: 0.17427544165655134
  median: 0.16316175365237875
  min: 0.005959478865378348
  num_samples: 2751
  rmse: 0.1943667653822328
  std: 0.08606108249706111
