rot:
  max: 179.99688544492435
  mean: 159.76691351896588
  median: 162.22322650355233
  min: 102.28437288724497
  num_samples: 2736
  rmse: 160.39681585800471
  std: 14.201122561612209
scale:
  max: 58.416625482881116
  mean: 18.659732242707395
  median: 18.78324769559599
  min: 0.005841245235116421
  num_samples: 2736
  rmse: 21.342858270418493
  std: 10.360115432833561
trans:
  max: 2.0197355526496916
  mean: 0.8594875921971238
  median: 0.8647935570422379
  min: 0.045152540437231575
  num_samples: 2736
  rmse: 0.9378543354667191
  std: 0.37530232268521113
