rot:
  max: 152.00821199588043
  mean: 87.01129612892488
  median: 87.71215719734485
  min: 41.31642337123236
  num_samples: 2734
  rmse: 87.99373178756387
  std: 13.112253043099907
scale:
  max: 7.191202473791791
  mean: 2.515535559213
  median: 2.227316300259352
  min: 0.00185042572811156
  num_samples: 2734
  rmse: 3.0274088204036116
  std: 1.6844242387808706
trans:
  max: 0.2345945241284432
  mean: 0.08917509945819506
  median: 0.08719893601569575
  min: 0.005867783059514376
  num_samples: 2734
  rmse: 0.09523632005213828
  std: 0.0334328923919893
