rot:
  max: 151.66163600672243
  mean: 87.12126979664005
  median: 87.8531437499897
  min: 42.0053015667586
  num_samples: 2751
  rmse: 88.14652222775217
  std: 13.404988991738808
scale:
  max: 29.526300461792644
  mean: 10.168216832377698
  median: 9.832989555331572
  min: 0.000696876332084706
  num_samples: 2751
  rmse: 11.831392935766837
  std: 6.048902813755906
trans:
  max: 0.7666785991682051
  mean: 0.25564448961417063
  median: 0.23006104956391427
  min: 0.02171081559751658
  num_samples: 2751
  rmse: 0.2913284176958233
  std: 0.13970734371199772
