rot:
  max: 151.69218335502418
  mean: 86.92762806571493
  median: 87.8084893063872
  min: 40.78541580409778
  num_samples: 2735
  rmse: 87.91494861803268
  std: 13.138708817081774
scale:
  max: 15.532188505770495
  mean: 3.604168259935262
  median: 2.479413955970289
  min: 0.0034164294137051243
  num_samples: 2735
  rmse: 4.887506507482435
  std: 3.3011650995911053
trans:
  max: 0.3175791493212028
  mean: 0.11300504857585603
  median: 0.09681542422918424
  min: 0.018215719948596158
  num_samples: 2735
  rmse: 0.12682148174756624
  std: 0.057563419191503054
