rot:
  max: 153.386322998121
  mean: 87.42426945828016
  median: 88.37445987947103
  min: 40.779150911952506
  num_samples: 2676
  rmse: 88.42396525547852
  std: 13.258760922050383
scale:
  max: 24.702420911053835
  mean: 2.10966369573395
  median: 1.3068631724260982
  min: 0.0002603456296990103
  num_samples: 2676
  rmse: 3.562567552915616
  std: 2.8707501911502664
trans:
  max: 1.4890234404944138
  mean: 0.10072513059400107
  median: 0.07465786230169622
  min: 0.009012031483599105
  num_samples: 2676
  rmse: 0.15620415221713363
  std: 0.1193908926036444
