rot:
  max: 179.9729099621447
  mean: 143.36151191239978
  median: 142.73789055579857
  min: 59.561582659644245
  num_samples: 2666
  rmse: 145.21972048198967
  std: 23.15694537407947
scale:
  max: 8.71535575732113
  mean: 0.6313131487735015
  median: 0.4582860254356391
  min: 3.194219093671791e-05
  num_samples: 2666
  rmse: 0.9131687964281192
  std: 0.6597885714042555
trans:
  max: 0.17609498849325814
  mean: 0.020208557320221195
  median: 0.01793290722580248
  min: 0.0008097770367222124
  num_samples: 2666
  rmse: 0.023921905655962916
  std: 0.012801241394807181
