rot:
  max: 179.9999999999998
  mean: 168.95599412891568
  median: 171.52835370143478
  min: 135.47590451008875
  num_samples: 2676
  rmse: 169.20918563527704
  std: 9.253137374075147
scale:
  max: 17.711982121768
  mean: 0.8933325336301374
  median: 0.35833040538237326
  min: 0.00045906839102327623
  num_samples: 2676
  rmse: 2.063724677101665
  std: 1.8603538715084078
trans:
  max: 0.9222073767151173
  mean: 0.03308401054615707
  median: 0.011316290849242964
  min: 0.0010441818687498459
  num_samples: 2676
  rmse: 0.08884039490625055
  std: 0.08245037303299656
