rot:
  max: 179.974210119379
  mean: 144.10399042565882
  median: 143.37442599119242
  min: 60.99011729008509
  num_samples: 2654
  rmse: 145.87691580726752
  std: 22.674093341128902
scale:
  max: 8.943258371001495
  mean: 0.3639311262486434
  median: 0.26409997754160974
  min: 0.00015039792411464248
  num_samples: 2654
  rmse: 0.5650354849851119
  std: 0.43222590695116264
trans:
  max: 0.17892636330895248
  mean: 0.011846916959820396
  median: 0.010313783960277332
  min: 0.00024112684829651545
  num_samples: 2654
  rmse: 0.014779436099959757
  std: 0.008836418390949638
