rot:
  max: 152.06867216334322
  mean: 86.89620826244024
  median: 87.97367650508876
  min: 40.576708052050556
  num_samples: 2751
  rmse: 87.87706832079698
  std: 13.09305641432229
scale:
  max: 26.622281135417335
  mean: 4.880699452768265
  median: 3.104470606627785
  min: 0.005036062882701753
  num_samples: 2751
  rmse: 7.3311555935918244
  std: 5.470339586278008
trans:
  max: 0.3769519855924895
  mean: 0.11780076290318607
  median: 0.0930687466163836
  min: 0.007756741517761412
  num_samples: 2751
  rmse: 0.14180704551570436
  std: 0.07894440079777917
