rot:
  max: 179.96150304985142
  mean: 143.45570522782114
  median: 142.78215665514003
  min: 59.742734264421934
  num_samples: 2665
  rmse: 145.30105063084548
  std: 23.083672845021688
scale:
  max: 4.623362497867012
  mean: 0.49925048228642166
  median: 0.3664755592739155
  min: 0.0006304647477195502
  num_samples: 2665
  rmse: 0.6885982693210442
  std: 0.47425365833983146
trans:
  max: 0.08483452498589675
  mean: 0.01598424034389264
  median: 0.013916311262958909
  min: 0.0005258443007131995
  num_samples: 2665
  rmse: 0.018869049908488533
  std: 0.010027218212331138
