rot:
  max: 151.45544628848393
  mean: 87.52427584973375
  median: 88.14330059768227
  min: 42.45182939635426
  num_samples: 2751
  rmse: 88.5332304704483
  std: 13.327941870868356
scale:
  max: 16.318613113100568
  mean: 6.1998168173648205
  median: 6.399165137971341
  min: 0.007973780889103388
  num_samples: 2751
  rmse: 6.928798141596812
  std: 3.093624915550649
trans:
  max: 0.37824371702798193
  mean: 0.13490242068535524
  median: 0.12781051835035107
  min: 0.004580807809716722
  num_samples: 2751
  rmse: 0.14580367066628208
  std: 0.055317694031775014
