rot:
  max: 179.99832311391987
  mean: 168.98546544095458
  median: 171.61141996133665
  min: 135.18075713452316
  num_samples: 2672
  rmse: 169.23975644161524
  std: 9.27402987493502
scale:
  max: 4.4795395596251675
  mean: 0.5381687777678036
  median: 0.38994442327759393
  min: 7.314635005473136e-05
  num_samples: 2672
  rmse: 0.7487677396435818
  std: 0.5206030105242068
trans:
  max: 0.09607338030785739
  mean: 0.016748092957572496
  median: 0.01386780892200414
  min: 0.00028603880280447986
  num_samples: 2672
  rmse: 0.020183986961000083
  std: 0.01126475529811158
