rot:
  max: 179.99279733455785
  mean: 168.8630185122379
  median: 171.7417985457476
  min: 131.5573140600882
  num_samples: 2676
  rmse: 169.1338810775721
  std: 9.568213380665291
scale:
  max: 48.302529214031395
  mean: 2.354898681924778
  median: 1.512327847381545
  min: 0.0005830739202128399
  num_samples: 2676
  rmse: 4.461991922087067
  std: 3.789963602811937
trans:
  max: 2.5525408434724333
  mean: 0.1145641220248356
  median: 0.06491378570901632
  min: 0.007878725111909854
  num_samples: 2676
  rmse: 0.27704140748204736
  std: 0.2522439363083128
