rot:
  max: 151.93474027333428
  mean: 86.93876348166906
  median: 87.86910258233414
  min: 40.716128430240836
  num_samples: 2735
  rmse: 87.92291508817448
  std: 13.118323135246287
scale:
  max: 19.10435512119726
  mean: 3.834601637859932
  median: 2.476212740691963
  min: 0.0007497598395467264
  num_samples: 2735
  rmse: 5.438011346170378
  std: 3.855878327955862
trans:
  max: 0.26189059338426457
  mean: 0.11182593404842853
  median: 0.0942414403483877
  min: 0.01387460120438302
  num_samples: 2735
  rmse: 0.12407537783961897
  std: 0.05375555655223677
