rot:
  max: 152.2220042301671
  mean: 87.70178935119719
  median: 88.32567956571346
  min: 42.813633599669714
  num_samples: 2734
  rmse: 88.69737028415102
  std: 13.252156048056206
scale:
  max: 12.414465296155885
  mean: 6.556528914081517
  median: 7.00455139410176
  min: 0.002072755397808379
  num_samples: 2734
  rmse: 7.182082635941405
  std: 2.931593353162075
trans:
  max: 0.2525441981129368
  mean: 0.1409014256590497
  median: 0.14098015369050912
  min: 0.017324550685634005
  num_samples: 2734
  rmse: 0.14679885824085182
  std: 0.041190933809092035
