rot:
  max: 179.99841606788803
  mean: 168.93167637989487
  median: 171.58699367095807
  min: 135.3990911630948
  num_samples: 2671
  rmse: 169.18652406542813
  std: 9.282706546053559
scale:
  max: 47.135592678436275
  mean: 1.6369346971244514
  median: 0.9759771754834667
  min: 0.0005968970105185711
  num_samples: 2671
  rmse: 3.246990900984912
  std: 2.804174514617251
trans:
  max: 2.2081772784977254
  mean: 0.07668138196797182
  median: 0.03820743782426043
  min: 0.0072715458733954
  num_samples: 2671
  rmse: 0.20120604667943004
  std: 0.1860210710641325
