rot:
  max: 179.9736481408256
  mean: 141.52330248405056
  median: 141.70819923825326
  min: 63.016787965935514
  num_samples: 2618
  rmse: 143.28240375569916
  std: 22.383075749751992
scale:
  max: 11.21694629718486
  mean: 0.23183627580177218
  median: 0.16114829338620962
  min: 0.00010666858305530269
  num_samples: 2618
  rmse: 0.4917028793312725
  std: 0.4336169539640135
trans:
  max: 0.30752977617371496
  mean: 0.00862715131162445
  median: 0.006613967327053287
  min: 0.00018503084372932166
  num_samples: 2618
  rmse: 0.017027442144061395
  std: 0.01468012418938255
