rot:
  max: 179.9960700768878
  mean: 169.0272395266298
  median: 171.7097293628523
  min: 135.57248042104027
  num_samples: 2670
  rmse: 169.28086936115142
  std: 9.263100435304823
scale:
  max: 13.332864772531128
  mean: 0.8540509645455528
  median: 0.479576845469909
  min: 1.1571127156440042e-05
  num_samples: 2670
  rmse: 1.6778741393387364
  std: 1.4442501782657033
trans:
  max: 0.3413910354028191
  mean: 0.02974430598215619
  median: 0.01638784010745411
  min: 0.0011460617157889408
  num_samples: 2670
  rmse: 0.05529244466179012
  std: 0.046610414054339744
