rot:
  max: 152.2807815467891
  mean: 87.60745412408984
  median: 88.04771082959643
  min: 43.52093239672174
  num_samples: 2735
  rmse: 88.66575812664159
  std: 13.658354442156874
scale:
  max: 43.77304722268961
  mean: 16.31158928683151
  median: 16.620405384309866
  min: 0.03587744661224246
  num_samples: 2735
  rmse: 18.208745684433108
  std: 8.092618509363051
trans:
  max: 1.1064906012656257
  mean: 0.3632895379769773
  median: 0.3412837595131596
  min: 0.06505302100506728
  num_samples: 2735
  rmse: 0.4036439755126432
  std: 0.17592376350034553
