rot:
  max: 179.99488138353885
  mean: 143.9825315150386
  median: 143.22043190458157
  min: 60.78497110233884
  num_samples: 2652
  rmse: 145.7619349627539
  std: 22.7062172676775
scale:
  max: 155.46458330672107
  mean: 1.1134255420823218
  median: 0.7489483825152798
  min: 9.699539196272866e-05
  num_samples: 2652
  rmse: 5.446682501037022
  std: 5.33166332670598
trans:
  max: 2.925224240790271
  mean: 0.029240856933049723
  median: 0.022246480467392794
  min: 0.001204566690691016
  num_samples: 2652
  rmse: 0.1058678248085359
  std: 0.10174953865011746
