rot:
  max: 151.682238795348
  mean: 86.86168192104431
  median: 88.10648838176493
  min: 39.374797821967434
  num_samples: 2735
  rmse: 87.84576766775832
  std: 13.11209788649803
scale:
  max: 39.451247888440165
  mean: 7.181573200405502
  median: 4.876285382544099
  min: 0.0002437002454946935
  num_samples: 2735
  rmse: 10.712374893230644
  std: 7.948583661277999
trans:
  max: 0.5655549080114561
  mean: 0.18024889697931556
  median: 0.14579817210529405
  min: 0.020452804666195184
  num_samples: 2735
  rmse: 0.21494550240886007
  std: 0.11709784004642172
