rot:
  max: 151.50914702598672
  mean: 88.45270953586358
  median: 88.97734048869516
  min: 44.221586457338766
  num_samples: 2735
  rmse: 89.50531723928819
  std: 13.686489318659033
scale:
  max: 31.1979772981694
  mean: 12.767920223913157
  median: 12.555737563895718
  min: 0.04594125385928294
  num_samples: 2735
  rmse: 14.175459912480694
  std: 6.158236507811009
trans:
  max: 0.7449384751898873
  mean: 0.28639911735273527
  median: 0.2812452541120985
  min: 0.03597722194908356
  num_samples: 2735
  rmse: 0.3134492133006927
  std: 0.12738114027750388
