rot:
  max: 153.56780924260215
  mean: 87.24949468564066
  median: 88.09252843588835
  min: 41.05585274531196
  num_samples: 2675
  rmse: 88.24574871690444
  std: 13.222626203118795
scale:
  max: 22.065612596827787
  mean: 1.6761999320948242
  median: 1.387406680872738
  min: 0.001508419767293212
  num_samples: 2675
  rmse: 2.46851297973759
  std: 1.812156207057842
trans:
  max: 0.4683095305662073
  mean: 0.07152354404656953
  median: 0.06699994414127264
  min: 0.0052658325682764665
  num_samples: 2675
  rmse: 0.08002744840663466
  std: 0.035899514557929516
