rot:
  max: 153.58677814496667
  mean: 87.27067020700761
  median: 88.07888872218416
  min: 41.06701874851466
  num_samples: 2672
  rmse: 88.2731755228247
  std: 13.265882499974861
scale:
  max: 9.921842726519948
  mean: 1.5558914669239807
  median: 1.301733400152616
  min: 3.5933878295146826e-05
  num_samples: 2672
  rmse: 1.9598030449214996
  std: 1.1916499981272735
trans:
  max: 0.2240302706907831
  mean: 0.06902637179337975
  median: 0.0657857918923741
  min: 0.002811909079842385
  num_samples: 2672
  rmse: 0.07314456888517455
  std: 0.024196858358889378
