rot:
  max: 179.97148861504522
  mean: 143.51854948472857
  median: 142.91979667557027
  min: 59.87851159757764
  num_samples: 2665
  rmse: 145.35807398331238
  std: 23.052019996903642
scale:
  max: 5.074050191243873
  mean: 0.2246715896988183
  median: 0.17212374022600452
  min: 0.00026755954762869294
  num_samples: 2665
  rmse: 0.3455801375684623
  std: 0.2625800987585376
trans:
  max: 0.09734196869538941
  mean: 0.007844696285632747
  median: 0.006761728803357111
  min: 0.00026323188325399187
  num_samples: 2665
  rmse: 0.009689428682612454
  std: 0.0056873340311267674
