rot:
  max: 154.4922660975697
  mean: 87.15907806562558
  median: 87.95356824454704
  min: 40.10630707083547
  num_samples: 2675
  rmse: 88.17826993435644
  std: 13.36796167582779
scale:
  max: 51.915830381922135
  mean: 1.6331125847548225
  median: 1.3441286122057194
  min: 0.0006582930321741287
  num_samples: 2675
  rmse: 2.2633974537452266
  std: 1.5671347482382618
trans:
  max: 1.221674372494967
  mean: 0.07272202576350048
  median: 0.06917698339452043
  min: 0.007899397189302876
  num_samples: 2675
  rmse: 0.08013427061693125
  std: 0.033660188593653724
