rot:
  max: 153.4866925493386
  mean: 87.29244698130337
  median: 88.09205581011679
  min: 40.621693307969835
  num_samples: 2672
  rmse: 88.30519692868344
  std: 13.335535408444905
scale:
  max: 6.105998556212288
  mean: 1.5836167459996098
  median: 1.3400715256949802
  min: 0.002636663236210701
  num_samples: 2672
  rmse: 1.9799259746844418
  std: 1.1883875070951158
trans:
  max: 0.14998386709441133
  mean: 0.07115383447234151
  median: 0.06866647013640434
  min: 0.00692571225897025
  num_samples: 2672
  rmse: 0.07551631694453251
  std: 0.025295176709201117
