rot:
  max: 153.49657819246644
  mean: 87.29928489919291
  median: 88.10854639356188
  min: 41.086607139662334
  num_samples: 2676
  rmse: 88.30235694360077
  std: 13.27181592264646
scale:
  max: 22.228405626266657
  mean: 1.6245735682244846
  median: 1.3349837401479103
  min: 0.0012500023818251549
  num_samples: 2676
  rmse: 2.2633042720170726
  std: 1.575851182427167
trans:
  max: 0.4653735062260597
  mean: 0.07044785638628828
  median: 0.06700801462489284
  min: 0.002783124774876489
  num_samples: 2676
  rmse: 0.07688554928662628
  std: 0.030797519700182664
