rot:
  max: 180.00000000205537
  mean: 168.96064654882863
  median: 171.81081918619554
  min: 138.129643598649
  num_samples: 2734
  rmse: 169.23929799336554
  std: 9.707723888174762
scale:
  max: 15.602033715710895
  mean: 7.215940450597606
  median: 7.396712933796829
  min: 0.0018182222345286547
  num_samples: 2734
  rmse: 8.012676622440576
  std: 3.4832728961760906
trans:
  max: 0.21412078835853218
  mean: 0.14065765173045347
  median: 0.14626006713829268
  min: 0.04034764340139819
  num_samples: 2734
  rmse: 0.1456221923984039
  std: 0.0376994420196403
