rot:
  max: 153.7374736205936
  mean: 87.28490632624067
  median: 88.07631419655611
  min: 40.412725437077306
  num_samples: 2675
  rmse: 88.30791955379313
  std: 13.402752834346485
scale:
  max: 8.342654317113695
  mean: 1.6585595033017873
  median: 1.3906633655059175
  min: 0.0004730077521220011
  num_samples: 2675
  rmse: 2.103893461313958
  std: 1.29442963136934
trans:
  max: 0.164159483064017
  mean: 0.07179479502901744
  median: 0.06928455566093583
  min: 0.006454205586858713
  num_samples: 2675
  rmse: 0.07637880267154694
  std: 0.026062020341494435
