rot:
  max: 152.06894564394227
  mean: 86.81332862955603
  median: 87.9950051222424
  min: 39.7897632614721
  num_samples: 2751
  rmse: 87.7940016954916
  std: 13.085591540496482
scale:
  max: 39.70034691211073
  mean: 7.684633691534169
  median: 5.5044637078701
  min: 0.0065725269204452985
  num_samples: 2751
  rmse: 11.12337858461717
  std: 8.0421362935266
trans:
  max: 0.5118427734057134
  mean: 0.16636525333032506
  median: 0.13574105933764957
  min: 0.012691359577103118
  num_samples: 2751
  rmse: 0.1997110605242056
  std: 0.11048579175640488
