rot:
  max: 154.54327273721543
  mean: 84.61942339604374
  median: 85.50213999187372
  min: 36.234526236917034
  num_samples: 2736
  rmse: 85.61884567603722
  std: 13.043769356216114
scale:
  max: 42.778127953219894
  mean: 17.311023924741363
  median: 16.509838838081997
  min: 0.024248550975836114
  num_samples: 2736
  rmse: 20.127538800205237
  std: 10.268703366579421
trans:
  max: 1.3587033335638372
  mean: 0.6031142424467205
  median: 0.598095620902588
  min: 0.012340931565281554
  num_samples: 2736
  rmse: 0.6566866259082641
  std: 0.25978940548971435
