rot:
  max: 153.36417331913432
  mean: 87.25287310612083
  median: 88.09711350646202
  min: 41.24470904823254
  num_samples: 2676
  rmse: 88.24749915155272
  std: 13.212011248499481
scale:
  max: 5.963208980179058
  mean: 1.5046159480029975
  median: 1.2830445580771621
  min: 0.0019375446933977969
  num_samples: 2676
  rmse: 1.8772675899793843
  std: 1.1226150067596847
trans:
  max: 0.16192885804915141
  mean: 0.06807603956291544
  median: 0.06581574037749272
  min: 0.005802727593919376
  num_samples: 2676
  rmse: 0.0721528328106413
  std: 0.023909916771681576
