rot:
  max: 179.99760381500755
  mean: 168.4475992931677
  median: 171.38436046105247
  min: 132.28172714314167
  num_samples: 2735
  rmse: 168.7498827105476
  std: 10.095999563786009
scale:
  max: 41.56640302332492
  mean: 14.381231281912639
  median: 14.719628800461459
  min: 0.0024071204649755984
  num_samples: 2735
  rmse: 16.316263929170205
  std: 7.707182067557409
trans:
  max: 0.9389460592306041
  mean: 0.3140182822712207
  median: 0.3056316370695058
  min: 0.050823315910795454
  num_samples: 2735
  rmse: 0.3438562501128535
  std: 0.14010581408744324
