rot:
  max: 179.9527197687583
  mean: 144.1073415927083
  median: 143.3436518783006
  min: 60.94227216040249
  num_samples: 2655
  rmse: 145.8827342103199
  std: 22.690223440093877
scale:
  max: 11.704101637903142
  mean: 0.31225335139215976
  median: 0.22136443965544705
  min: 0.00010217837267401109
  num_samples: 2655
  rmse: 0.5210764793231448
  std: 0.4171552970395653
trans:
  max: 0.38468703976533386
  mean: 0.010800365838763575
  median: 0.009245991842145581
  min: 0.00011869056711547764
  num_samples: 2655
  rmse: 0.015409720159074854
  std: 0.010991431805268462
