rot:
  max: 179.99999999999957
  mean: 169.02786131867504
  median: 171.68928129069758
  min: 135.4721811566274
  num_samples: 2670
  rmse: 169.2807685725509
  std: 9.249903056155942
scale:
  max: 3.1646923989239517
  mean: 0.2850606404246613
  median: 0.20604792121435844
  min: 6.441765183495818e-05
  num_samples: 2670
  rmse: 0.41375121782433605
  std: 0.29988414684975123
trans:
  max: 0.06773046162197685
  mean: 0.008836636874697521
  median: 0.007307935563068472
  min: 0.00017453996197988687
  num_samples: 2670
  rmse: 0.010960104282404145
  std: 0.006483651334387895
