rot:
  max: 151.42524132998457
  mean: 87.36571591623526
  median: 88.14709554024851
  min: 41.944831087268284
  num_samples: 2751
  rmse: 88.36335061800078
  std: 13.240597225330268
scale:
  max: 15.30860177495661
  mean: 5.869122100012112
  median: 5.69707618017663
  min: 0.00614251659682985
  num_samples: 2751
  rmse: 6.697983871234258
  std: 3.22744383598903
trans:
  max: 0.3545783337478045
  mean: 0.14387142596377375
  median: 0.1401553554267296
  min: 0.011723253325414072
  num_samples: 2751
  rmse: 0.15764524479311112
  std: 0.06444405323247689
