rot:
  max: 179.9930787726285
  mean: 144.0524128345294
  median: 143.2822631282304
  min: 60.9175276627587
  num_samples: 2654
  rmse: 145.8311140215269
  std: 22.70718329758039
scale:
  max: 11.026279658916016
  mean: 0.43319167577408046
  median: 0.31966327996274524
  min: 0.0002663166229432967
  num_samples: 2654
  rmse: 0.6800900671122162
  std: 0.5242780478188479
trans:
  max: 0.2280795930923554
  mean: 0.014320856660987655
  median: 0.01216416938845426
  min: 0.0005437774106429948
  num_samples: 2654
  rmse: 0.018016469463963156
  std: 0.010931890799004609
