rot:
  max: 179.99157502800435
  mean: 168.55138585119073
  median: 171.62719292435827
  min: 136.72136363529896
  num_samples: 2735
  rmse: 168.84742541454833
  std: 9.994168137693164
scale:
  max: 44.45349217273338
  mean: 15.968806781611764
  median: 16.372812726051777
  min: 0.015021482763866167
  num_samples: 2735
  rmse: 17.97927188895546
  std: 8.26144222448682
trans:
  max: 1.0667310584032876
  mean: 0.3424117676631066
  median: 0.335302573648623
  min: 0.04648628845697922
  num_samples: 2735
  rmse: 0.38173648548413375
  std: 0.16875107619095286
