rot:
  max: 152.7653545660774
  mean: 86.5770528079461
  median: 88.55123281787161
  min: 37.5143712893048
  num_samples: 2751
  rmse: 87.58635588075954
  std: 13.258343168027361
scale:
  max: 83.5709478848508
  mean: 17.95910950155932
  median: 14.975879025083216
  min: 0.010940712118223672
  num_samples: 2751
  rmse: 24.196400097824124
  std: 16.21530646040908
trans:
  max: 1.0428884637968858
  mean: 0.34660215496237295
  median: 0.2888352189271257
  min: 0.004319328752107313
  num_samples: 2751
  rmse: 0.41192671139095816
  std: 0.2225995546554594
