rot:
  max: 153.65613820810353
  mean: 87.32191642363145
  median: 88.15007161420418
  min: 40.43657066671601
  num_samples: 2672
  rmse: 88.34127082149516
  std: 13.381443960241258
scale:
  max: 7.038377157879506
  mean: 1.6882566456874493
  median: 1.4203646907526457
  min: 0.0017969114189386737
  num_samples: 2672
  rmse: 2.1029511171495994
  std: 1.2538711653965504
trans:
  max: 0.1456758013736272
  mean: 0.06985481183317535
  median: 0.06756373671374027
  min: 0.009468807984999227
  num_samples: 2672
  rmse: 0.0743248272964246
  std: 0.025386713383086897
