rot:
  max: 179.99910654296121
  mean: 168.74683432226558
  median: 171.55176882776436
  min: 137.5831837128399
  num_samples: 2676
  rmse: 169.0133063080174
  std: 9.487023525931262
scale:
  max: 32.625451462225975
  mean: 2.1215070359817094
  median: 0.887173917361056
  min: 0.00030203695500219396
  num_samples: 2676
  rmse: 4.612463956186423
  std: 4.095611266148077
trans:
  max: 0.8294850078233085
  mean: 0.0792857718500737
  median: 0.03215266059292651
  min: 0.015299139138184405
  num_samples: 2676
  rmse: 0.15198007484196416
  std: 0.12965997659689377
