rot:
  max: 153.17835335905806
  mean: 87.25491539706425
  median: 88.05833079179655
  min: 41.25194389450378
  num_samples: 2676
  rmse: 88.25003257302508
  std: 13.215445062166356
scale:
  max: 8.906475276263237
  mean: 1.4930488688928567
  median: 1.2801348699674364
  min: 9.315740909787706e-05
  num_samples: 2676
  rmse: 1.8586860905521494
  std: 1.107031642867446
trans:
  max: 0.18655534040459254
  mean: 0.06809050105022953
  median: 0.06551494535652735
  min: 0.006752743684397502
  num_samples: 2676
  rmse: 0.07205090625739659
  std: 0.0235587936711718
