rot:
  max: 153.195390828495
  mean: 87.25786303950657
  median: 88.11185235861404
  min: 41.025171174717066
  num_samples: 2670
  rmse: 88.26168202929347
  std: 13.273652565093963
scale:
  max: 7.113255835720922
  mean: 1.5791297922581782
  median: 1.3681336260184584
  min: 0.0004541820455505885
  num_samples: 2670
  rmse: 1.9803591627196797
  std: 1.1950613007584294
trans:
  max: 0.17545838397693383
  mean: 0.07004033645994724
  median: 0.06702111140657221
  min: 0.0017318409946403108
  num_samples: 2670
  rmse: 0.074743004654685
  std: 0.02609344770986844
