rot:
  max: 151.5383821373566
  mean: 86.90294347649623
  median: 87.98087111516014
  min: 39.79511940999708
  num_samples: 2735
  rmse: 87.88999409961991
  std: 13.135047695084065
scale:
  max: 25.388823708374876
  mean: 4.89220594791975
  median: 3.312065208936965
  min: 0.004442279514971226
  num_samples: 2735
  rmse: 7.247437797506234
  std: 5.347118438174028
trans:
  max: 0.3753798023580557
  mean: 0.13118646280162893
  median: 0.10633756965984244
  min: 0.013764637142273372
  num_samples: 2735
  rmse: 0.15098373084951316
  std: 0.07474087876681024
