rot:
  max: 152.27096129901733
  mean: 86.96170493970774
  median: 87.96462017579499
  min: 40.688800472810264
  num_samples: 2751
  rmse: 87.93947884837124
  std: 13.077225015358923
scale:
  max: 28.1531768322713
  mean: 5.333069028100161
  median: 3.859256836217484
  min: 0.017855771227848205
  num_samples: 2751
  rmse: 7.712966686567651
  std: 5.572093847883497
trans:
  max: 0.3731390798373117
  mean: 0.12303530646178973
  median: 0.10599345857024339
  min: 0.009730534544215694
  num_samples: 2751
  rmse: 0.1444004400844822
  std: 0.07558968488124282
