rot:
  max: 151.82053751567477
  mean: 87.11325064494297
  median: 88.09236366231836
  min: 40.21899133283846
  num_samples: 2735
  rmse: 88.09971400429966
  std: 13.146907229868011
scale:
  max: 21.898432933371083
  mean: 4.240102662216517
  median: 2.692652648951155
  min: 0.010063410910154946
  num_samples: 2735
  rmse: 6.107008530632066
  std: 4.395120317702033
trans:
  max: 0.3580086682222841
  mean: 0.12260748056862741
  median: 0.10114086472027442
  min: 0.01091943520507286
  num_samples: 2735
  rmse: 0.13818248628746824
  std: 0.06373229342491926
