rot:
  max: 150.79490872748042
  mean: 87.5529660907738
  median: 88.03689768580762
  min: 43.18886901858
  num_samples: 2735
  rmse: 88.59364909503212
  std: 13.539305324923196
scale:
  max: 39.36134049251152
  mean: 12.656007097414264
  median: 12.643279490045867
  min: 0.0031643606749676145
  num_samples: 2735
  rmse: 14.488721230302001
  std: 7.0532635878438406
trans:
  max: 0.7864001249377747
  mean: 0.29053677337291944
  median: 0.28919012885760104
  min: 0.035972675065981535
  num_samples: 2735
  rmse: 0.31671806372658773
  std: 0.1260901074976609
