rot:
  max: 153.4295528352793
  mean: 87.20407656898321
  median: 88.0162440717898
  min: 41.19367707027758
  num_samples: 2676
  rmse: 88.19643985199042
  std: 13.193219179438067
scale:
  max: 4.894097721306312
  mean: 1.4891266510048309
  median: 1.2649544403948554
  min: 0.0011419162394110671
  num_samples: 2676
  rmse: 1.852869698074845
  std: 1.1025551847010213
trans:
  max: 0.1349129610378757
  mean: 0.06775590576185819
  median: 0.06517093231859564
  min: 0.004547189743033035
  num_samples: 2676
  rmse: 0.07164656572202227
  std: 0.0232887873052728
