rot:
  max: 152.173991955644
  mean: 87.02441524660973
  median: 87.85699414774683
  min: 40.916565277802704
  num_samples: 2738
  rmse: 88.00710139201094
  std: 13.114916942524822
scale:
  max: 8.95229088400724
  mean: 2.0084656612573943
  median: 1.670069498360427
  min: 0.0006535423371478721
  num_samples: 2738
  rmse: 2.556163664379016
  std: 1.5811509626349578
trans:
  max: 0.21044278272021683
  mean: 0.07552220980962926
  median: 0.07134367456111661
  min: 0.005616799010551223
  num_samples: 2738
  rmse: 0.08434069685473913
  std: 0.037546623968252486
