rot:
  max: 153.24365053822922
  mean: 87.27651277634989
  median: 88.11675157733202
  min: 41.15743367179512
  num_samples: 2671
  rmse: 88.27507556678077
  std: 13.240063592010838
scale:
  max: 20.311872334097515
  mean: 1.6505701494338567
  median: 1.3534654267546964
  min: 0.0008091879276528324
  num_samples: 2671
  rmse: 2.2618254779473332
  std: 1.5464387069941017
trans:
  max: 0.4224340704525221
  mean: 0.0705208673868335
  median: 0.06671590032767927
  min: 0.0031309316300040307
  num_samples: 2671
  rmse: 0.07715385709296836
  std: 0.031297362945315696
