rot:
  max: 151.56387059085085
  mean: 89.7479397435269
  median: 89.8333342151532
  min: 44.299515751246915
  num_samples: 2752
  rmse: 90.88132558827783
  std: 14.308132389478384
scale:
  max: 89.11367297929623
  mean: 18.387344989318635
  median: 17.462428562241012
  min: 0.013441418772264235
  num_samples: 2752
  rmse: 22.597256316136733
  std: 13.135506737882734
trans:
  max: 1.6157887254745644
  mean: 0.6480278200800167
  median: 0.6526429708258337
  min: 0.019114366105161
  num_samples: 2752
  rmse: 0.721860358596947
  std: 0.31802880642491316
