rot:
  max: 153.58612772570498
  mean: 87.32240466214392
  median: 88.04359302492598
  min: 40.66422896259807
  num_samples: 2678
  rmse: 88.34512111608517
  std: 13.403658792901574
scale:
  max: 7.163281448731484
  mean: 1.6627045017568431
  median: 1.3615733761741189
  min: 0.0002970814332536875
  num_samples: 2678
  rmse: 2.0957427589634894
  std: 1.2757552475241596
trans:
  max: 0.1427572049378527
  mean: 0.07155317981126634
  median: 0.0700865653395166
  min: 0.006832085393918116
  num_samples: 2678
  rmse: 0.07584129007618022
  std: 0.025140480093186496
