rot:
  max: 152.3914598303359
  mean: 85.76159549876463
  median: 86.84693313015751
  min: 41.63181210117559
  num_samples: 2736
  rmse: 86.79739374662887
  std: 13.36922954824239
scale:
  max: 44.122496929082345
  mean: 17.206629864332758
  median: 16.866964163956624
  min: 0.0481310823823522
  num_samples: 2736
  rmse: 19.808649547160126
  std: 9.813994375077838
trans:
  max: 1.3581769753069872
  mean: 0.48583890297484517
  median: 0.41415956615396515
  min: 0.034648533290249
  num_samples: 2736
  rmse: 0.5622251220712418
  std: 0.282944602783339
