rot:
  max: 145.78742611011012
  mean: 87.9667271442453
  median: 89.65175851500885
  min: 30.982333852482878
  num_samples: 2675
  rmse: 89.13946881054419
  std: 14.41179431423745
scale:
  max: 105.26928124471486
  mean: 9.932037348259064
  median: 7.899937546166457
  min: 0.025295532227676
  num_samples: 2675
  rmse: 14.125274672492921
  std: 10.043804990448468
trans:
  max: 1.9557062092224375
  mean: 0.3701342122632671
  median: 0.32019667397549195
  min: 0.01284857911138877
  num_samples: 2675
  rmse: 0.4679524928100885
  std: 0.2863218476460148
