rot:
  max: 149.47522360544505
  mean: 89.07624678920179
  median: 90.03032855949775
  min: 43.74215609600762
  num_samples: 2751
  rmse: 90.12838232741417
  std: 13.73126210170601
scale:
  max: 28.77856280906206
  mean: 7.129344470005895
  median: 5.255305777993769
  min: 0.0008474536007829769
  num_samples: 2751
  rmse: 9.296080010581802
  std: 5.96569786287698
trans:
  max: 0.8557107515976845
  mean: 0.3126947255833101
  median: 0.27577108759102326
  min: 0.02271436067316767
  num_samples: 2751
  rmse: 0.352338590843581
  std: 0.1623714605157533
