rot:
  max: 148.618829460373
  mean: 87.89841867141665
  median: 89.02337994203009
  min: 40.72084028233277
  num_samples: 2752
  rmse: 88.9736101834168
  std: 13.790261206190683
scale:
  max: 34.80807719198923
  mean: 10.679724180245767
  median: 9.079922464622243
  min: 0.012366462484125762
  num_samples: 2752
  rmse: 13.242058899402688
  std: 7.829151635338527
trans:
  max: 1.108008207962322
  mean: 0.4032010249130174
  median: 0.3654557722030741
  min: 0.03325715873092725
  num_samples: 2752
  rmse: 0.4727015175716367
  std: 0.246729929728074
