rot:
  max: 153.5859194634412
  mean: 87.27465752388285
  median: 88.01058532958672
  min: 40.94931042360147
  num_samples: 2676
  rmse: 88.28068320834126
  std: 13.28958922692742
scale:
  max: 6.596115242873147
  mean: 1.663944737982166
  median: 1.3888747838026072
  min: 0.004012303836331554
  num_samples: 2676
  rmse: 2.087494039137009
  std: 1.2605234120689766
trans:
  max: 0.17000827522803555
  mean: 0.07096129552426175
  median: 0.06816931344043298
  min: 0.006362748611092379
  num_samples: 2676
  rmse: 0.07602484754573495
  std: 0.02728134860798915
