rot:
  max: 179.97861904049893
  mean: 143.49580605135228
  median: 142.8209551814843
  min: 59.81785219985691
  num_samples: 2665
  rmse: 145.34118138986906
  std: 23.087066801036816
scale:
  max: 25.13494187240194
  mean: 0.3209746129780509
  median: 0.17977685502881258
  min: 9.715899693674146e-05
  num_samples: 2665
  rmse: 1.39656522204278
  std: 1.3591797957750076
trans:
  max: 0.5430971953698035
  mean: 0.010402504457622929
  median: 0.006934721084814825
  min: 0.0005696137107822576
  num_samples: 2665
  rmse: 0.032538595806111265
  std: 0.030830960381451243
