rot:
  max: 153.44393155463686
  mean: 87.28709454364596
  median: 88.0917942045793
  min: 41.06003778626421
  num_samples: 2675
  rmse: 88.28353805827355
  std: 13.226723638726481
scale:
  max: 23.644560268161253
  mean: 1.6568097593219706
  median: 1.3925440223640284
  min: 0.0008326223496890606
  num_samples: 2675
  rmse: 2.349870767742721
  std: 1.6663955252301983
trans:
  max: 0.5028956965676566
  mean: 0.0698412590086263
  median: 0.06565048246415749
  min: 0.004301267303446224
  num_samples: 2675
  rmse: 0.077098589540204
  std: 0.03265564345069379
