rot:
  max: 154.12770711817603
  mean: 86.2100101471229
  median: 88.5149195619764
  min: 34.80378769101766
  num_samples: 2735
  rmse: 87.2876507851918
  std: 13.673629000033698
scale:
  max: 95.75158573532467
  mean: 21.17859439887939
  median: 16.62230273703209
  min: 0.008037952202233356
  num_samples: 2735
  rmse: 27.81376104532873
  std: 18.029765466427992
trans:
  max: 1.3152671252422303
  mean: 0.5041640829410743
  median: 0.4293900658976035
  min: 0.05094537693542661
  num_samples: 2735
  rmse: 0.5713784713147221
  std: 0.26887159566256597
