rot:
  max: 179.94761835394758
  mean: 145.9697393300127
  median: 144.8737496298338
  min: 73.52740084646507
  num_samples: 2566
  rmse: 147.34133658566964
  std: 20.05753391570784
scale:
  max: 7.186456800308849
  mean: 0.2414182170169626
  median: 0.17719565483333422
  min: 0.00026072663279474995
  num_samples: 2566
  rmse: 0.40624488518827956
  std: 0.3267294771427726
trans:
  max: 0.20594361146726858
  mean: 0.008188925371880894
  median: 0.006838372856894271
  min: 0.00023668108066034131
  num_samples: 2566
  rmse: 0.011766272490802076
  std: 0.008449063236925791
