rot:
  max: 179.99508866832554
  mean: 169.01764284631847
  median: 171.61909497128363
  min: 135.31675828939908
  num_samples: 2676
  rmse: 169.27109735474903
  std: 9.259633165267251
scale:
  max: 12.318975114207188
  mean: 0.4092137995757465
  median: 0.27504699223380724
  min: 0.00019899923646704565
  num_samples: 2676
  rmse: 0.7363908675787703
  std: 0.6122218356855587
trans:
  max: 0.26254101487560244
  mean: 0.01252856703042618
  median: 0.009669725327773025
  min: 0.0005338973576354329
  num_samples: 2676
  rmse: 0.01959370435162291
  std: 0.01506480196958874
