rot:
  max: 157.60163001944323
  mean: 93.59794630598594
  median: 91.7170618746067
  min: 51.17470657260473
  num_samples: 2751
  rmse: 94.91152234246657
  std: 15.735994428897623
scale:
  max: 89.2850713241335
  mean: 20.820732623403494
  median: 19.6721603552918
  min: 0.035067727192983345
  num_samples: 2751
  rmse: 24.97267781824364
  std: 13.78882628937436
trans:
  max: 1.2605387524803884
  mean: 0.472297220930499
  median: 0.440698576606232
  min: 0.03297889828154751
  num_samples: 2751
  rmse: 0.5331524232023314
  std: 0.24735974100052172
