rot:
  max: 179.96622278999638
  mean: 143.9087676637154
  median: 143.01164989961399
  min: 60.56724985644994
  num_samples: 2654
  rmse: 145.70493814131888
  std: 22.807796655450062
scale:
  max: 22.67056018889454
  mean: 0.7379069933137731
  median: 0.5019418291303979
  min: 0.0001563905577262048
  num_samples: 2654
  rmse: 1.629187070494322
  std: 1.4524957073549272
trans:
  max: 0.47450984947771574
  mean: 0.022403086330430803
  median: 0.01750636504729434
  min: 0.0004971042170427095
  num_samples: 2654
  rmse: 0.037596744473680804
  std: 0.03019299451678337
