rot:
  max: 151.79097250116638
  mean: 87.55296334073093
  median: 88.25702527185412
  min: 42.84768164192559
  num_samples: 2752
  rmse: 88.58873818779311
  std: 13.507151585807554
scale:
  max: 35.09866572642262
  mean: 12.054351981721581
  median: 12.240202419866964
  min: 0.01065508745980992
  num_samples: 2752
  rmse: 14.02096366487674
  std: 7.161006939848539
trans:
  max: 0.9851725502821642
  mean: 0.32145079598875975
  median: 0.30110245058101703
  min: 0.032489475654178354
  num_samples: 2752
  rmse: 0.36576011453622626
  std: 0.17449884568026777
