rot:
  max: 179.97529676215714
  mean: 143.45745484880104
  median: 142.61897428521164
  min: 66.3147253900715
  num_samples: 2577
  rmse: 145.18535078566188
  std: 22.332593469185536
scale:
  max: 36.82586308754168
  mean: 0.43864694727488973
  median: 0.24999783112086282
  min: 1.0717750331679099e-05
  num_samples: 2577
  rmse: 1.5148765739533556
  std: 1.4499792722515272
trans:
  max: 0.687429812307383
  mean: 0.013536716423063136
  median: 0.009183028252285829
  min: 0.0005169336272671435
  num_samples: 2577
  rmse: 0.03591343077696747
  std: 0.03326457302677439
