rot:
  max: 179.9934794156638
  mean: 144.01539846622788
  median: 143.2273594743183
  min: 60.8263596563251
  num_samples: 2652
  rmse: 145.79310827043983
  std: 22.697916727528856
scale:
  max: 7.188643229744773
  mean: 0.4969357110896404
  median: 0.35682688823038267
  min: 0.00011715084851093849
  num_samples: 2652
  rmse: 0.7086922735386846
  std: 0.5052718452647678
trans:
  max: 0.13733217627515332
  mean: 0.016620138702368604
  median: 0.01379020012258263
  min: 0.000241830799126946
  num_samples: 2652
  rmse: 0.019865409805346873
  std: 0.010881428961694372
