rot:
  max: 149.81985904809412
  mean: 88.40439003949935
  median: 88.46435459191171
  min: 42.70112763954046
  num_samples: 2751
  rmse: 89.48938737709042
  std: 13.892957743800604
scale:
  max: 24.290915542961965
  mean: 8.922071975068736
  median: 8.22885462232701
  min: 0.007767500091282464
  num_samples: 2751
  rmse: 10.14751643297975
  std: 4.8341205435205294
trans:
  max: 0.46622334904952994
  mean: 0.1906265407181476
  median: 0.1754400330433269
  min: 0.011368128116724826
  num_samples: 2751
  rmse: 0.2109924132708792
  std: 0.09043959548616827
