rot:
  max: 152.04188980358538
  mean: 86.99007736847726
  median: 87.78265359463119
  min: 40.948613180653915
  num_samples: 2738
  rmse: 87.97401698160544
  std: 13.120750866705187
scale:
  max: 9.186964739706816
  mean: 2.195830563086797
  median: 1.7143031849681245
  min: 0.0023227810978188046
  num_samples: 2738
  rmse: 2.7501556790464106
  std: 1.655803248337533
trans:
  max: 0.20045022256108672
  mean: 0.07552198965534947
  median: 0.07026248565151295
  min: 0.004210855238108509
  num_samples: 2738
  rmse: 0.08277260874449527
  std: 0.03387822068625481
