rot:
  max: 179.99635217040273
  mean: 169.02447944310074
  median: 171.62972715921262
  min: 135.5038175144333
  num_samples: 2676
  rmse: 169.27913916145215
  std: 9.281826556833085
scale:
  max: 16.405477909208386
  mean: 0.41907441006403284
  median: 0.2674385347391395
  min: 0.00011262564685310394
  num_samples: 2676
  rmse: 0.8790897639269771
  std: 0.7727712804385729
trans:
  max: 0.3577062679241298
  mean: 0.012698509046549034
  median: 0.009702500194261842
  min: 0.0004219137136641129
  num_samples: 2676
  rmse: 0.021502977673242735
  std: 0.017352980055618406
