rot:
  max: 179.99256567025228
  mean: 144.10549487078802
  median: 143.28189628140404
  min: 60.96946791996828
  num_samples: 2655
  rmse: 145.88110289566438
  std: 22.69146381573284
scale:
  max: 4.340723192736595
  mean: 0.19029893382125598
  median: 0.15766397331915538
  min: 0.00024722550925337927
  num_samples: 2655
  rmse: 0.26188956742997893
  std: 0.1799234873915989
trans:
  max: 0.08664426740151851
  mean: 0.006837363938684367
  median: 0.005904116369440677
  min: 0.000342286974452452
  num_samples: 2655
  rmse: 0.008182463263282454
  std: 0.004494792478518407
