rot:
  max: 153.31874009291286
  mean: 85.9621414323169
  median: 88.63873000090689
  min: 31.50270559364428
  num_samples: 2752
  rmse: 87.19944743335567
  std: 14.63741346867358
scale:
  max: 106.23418266456035
  mean: 27.521520031635127
  median: 23.729912183252097
  min: 0.04304957464772441
  num_samples: 2752
  rmse: 33.53542384925847
  std: 19.16221771867028
trans:
  max: 1.4697375646267403
  mean: 0.6569265737762303
  median: 0.6014219849099318
  min: 0.08860130941674194
  num_samples: 2752
  rmse: 0.709931799750644
  std: 0.2691665598914766
