rot:
  max: 148.92892880466357
  mean: 91.41785155761569
  median: 90.62585177084429
  min: 43.89173625411777
  num_samples: 2751
  rmse: 92.89199362354323
  std: 16.48329141725546
scale:
  max: 95.80939116118172
  mean: 22.318325669482707
  median: 21.48533593390569
  min: 0.03211396574636094
  num_samples: 2751
  rmse: 26.21489997575017
  std: 13.751847877630642
trans:
  max: 1.5679187752343713
  mean: 0.6648219418693766
  median: 0.6828250127599181
  min: 0.04841110318811693
  num_samples: 2751
  rmse: 0.7303392682773108
  std: 0.3023362902412941
