rot:
  max: 179.9945047694457
  mean: 169.01478324585227
  median: 171.66711496351957
  min: 135.7320909762574
  num_samples: 2670
  rmse: 169.26856321638076
  std: 9.265502560330178
scale:
  max: 1.8591057215019635
  mean: 0.2836325005557882
  median: 0.21767503482825745
  min: 0.00020719623103904183
  num_samples: 2670
  rmse: 0.3744958939847992
  std: 0.24453993383483366
trans:
  max: 0.04606828978805674
  mean: 0.00978886252622925
  median: 0.007954597595988306
  min: 0.0005120164031550758
  num_samples: 2670
  rmse: 0.012100751604705848
  std: 0.0071138147179537975
