rot:
  max: 179.9936021663319
  mean: 143.4624241933652
  median: 142.8185852976685
  min: 59.76291142071395
  num_samples: 2665
  rmse: 145.31340239758296
  std: 23.119640155608085
scale:
  max: 23.262319203267957
  mean: 0.5092512187231512
  median: 0.29740883341544677
  min: 5.395958080356422e-06
  num_samples: 2665
  rmse: 1.5256704550408913
  std: 1.4381702032839079
trans:
  max: 0.49336180247094863
  mean: 0.015562592745415148
  median: 0.011350613649094043
  min: 0.0009925889577021994
  num_samples: 2665
  rmse: 0.034765582323843205
  std: 0.031087801809653138
