rot:
  max: 153.56502668187395
  mean: 87.30487720026245
  median: 88.14237195018055
  min: 40.84748483950024
  num_samples: 2676
  rmse: 88.31267523031094
  std: 13.303646995522488
scale:
  max: 10.596129079192163
  mean: 1.5519488361612943
  median: 1.2967078645673036
  min: 0.000583029195078133
  num_samples: 2676
  rmse: 1.948826250527248
  std: 1.1787190355134238
trans:
  max: 0.22828173246381192
  mean: 0.06940801123936972
  median: 0.06698733634470275
  min: 0.005105871314104919
  num_samples: 2676
  rmse: 0.073841590252209
  std: 0.02520135763745
