rot:
  max: 153.4025439123579
  mean: 87.31739317862804
  median: 88.23421700835868
  min: 41.04539383754123
  num_samples: 2675
  rmse: 88.3136746060271
  std: 13.227923907707785
scale:
  max: 23.88829102675405
  mean: 1.957883886115761
  median: 1.4853642564489622
  min: 0.0008275379084987655
  num_samples: 2675
  rmse: 3.1210983360342435
  std: 2.4306265677154015
trans:
  max: 0.6568436737693956
  mean: 0.08084642156927813
  median: 0.06937780671984402
  min: 0.007647329750149968
  num_samples: 2675
  rmse: 0.10155281355085792
  std: 0.06145591964601848
