rot:
  max: 153.75723581774108
  mean: 87.27252156117065
  median: 88.06461447240491
  min: 40.63671385728102
  num_samples: 2672
  rmse: 88.29204426652741
  std: 13.378791466998148
scale:
  max: 6.373034583880743
  mean: 1.6263752078249334
  median: 1.3580714704821306
  min: 0.00013803329829142896
  num_samples: 2672
  rmse: 2.042694085095228
  std: 1.2359218456906758
trans:
  max: 0.1417715780385567
  mean: 0.07029472545920609
  median: 0.06768549299848656
  min: 0.008677784777915833
  num_samples: 2672
  rmse: 0.0745803885693794
  std: 0.024917582783537808
