rot:
  max: 179.99442944631792
  mean: 143.49410366944255
  median: 142.85771009354494
  min: 59.837531542762356
  num_samples: 2665
  rmse: 145.3374425222106
  std: 23.07410693830124
scale:
  max: 25.33973182865692
  mean: 0.3021334108722867
  median: 0.16702107754000828
  min: 2.873528677227455e-05
  num_samples: 2665
  rmse: 1.1850294715559018
  std: 1.145866593670807
trans:
  max: 0.5429999517740002
  mean: 0.010077331460448995
  median: 0.006836728615376447
  min: 0.00043954448762210507
  num_samples: 2665
  rmse: 0.027211539425136752
  std: 0.025276773301234824
