rot:
  max: 151.79302980347308
  mean: 88.21084806733832
  median: 88.90689311819963
  min: 43.41101896047758
  num_samples: 2735
  rmse: 89.24755995381288
  std: 13.56367357873097
scale:
  max: 26.489015173279718
  mean: 10.514668145063338
  median: 10.17416147090513
  min: 0.011790348098528192
  num_samples: 2735
  rmse: 11.917865238842962
  std: 5.610460377759713
trans:
  max: 0.6026549483519262
  mean: 0.24863349759675774
  median: 0.239384785301884
  min: 0.028410409175016745
  num_samples: 2735
  rmse: 0.2720644162736355
  std: 0.11045555882397809
