rot:
  max: 179.997332133636
  mean: 168.3364712752281
  median: 171.2979769372213
  min: 134.409304003537
  num_samples: 2735
  rmse: 168.64866329157246
  std: 10.25690346247205
scale:
  max: 43.19022061691086
  mean: 16.380468459559633
  median: 17.09416738889339
  min: 0.024586390411562853
  num_samples: 2735
  rmse: 18.379194183533592
  std: 8.335168377507843
trans:
  max: 1.0778457900139276
  mean: 0.37179089561658696
  median: 0.3647537663402809
  min: 0.04604675461100254
  num_samples: 2735
  rmse: 0.4109599529729559
  std: 0.1750988660275968
