rot:
  max: 179.98518873273372
  mean: 167.73592118238884
  median: 170.68371563378423
  min: 112.25409873823581
  num_samples: 2676
  rmse: 168.11880094873857
  std: 11.339840278284642
scale:
  max: 38.2618626625314
  mean: 4.234542772223569
  median: 2.461800873077885
  min: 0.0002750599050305169
  num_samples: 2676
  rmse: 7.327092510044975
  std: 5.979542805346094
trans:
  max: 1.79473817207085
  mean: 0.2037796453562048
  median: 0.12273440700284222
  min: 0.009655101263493865
  num_samples: 2676
  rmse: 0.3732155962615063
  std: 0.312671932592823
