rot:
  max: 153.64950665137954
  mean: 87.354317792719
  median: 88.25248015831767
  min: 40.44699806983916
  num_samples: 2675
  rmse: 88.37677933195664
  std: 13.404413006843008
scale:
  max: 7.028939960069658
  mean: 1.6642901921016735
  median: 1.3917397919571695
  min: 0.0005048201885404779
  num_samples: 2675
  rmse: 2.0887132489703526
  std: 1.2620860481355725
trans:
  max: 0.19865118050428293
  mean: 0.07459436235936899
  median: 0.07153238390408802
  min: 0.012763026006227154
  num_samples: 2675
  rmse: 0.08006987003369935
  std: 0.02910094829060829
