rot:
  max: 179.9700912769549
  mean: 144.10137088358653
  median: 143.35331535990264
  min: 60.98116812807188
  num_samples: 2655
  rmse: 145.87745053192708
  std: 22.69417289010211
scale:
  max: 11.343280544839839
  mean: 0.22898695066348415
  median: 0.1470810280787549
  min: 4.00095053754157e-05
  num_samples: 2655
  rmse: 0.5415277889987775
  std: 0.49073141603502873
trans:
  max: 0.18506989775893734
  mean: 0.007856613015387646
  median: 0.006128225592891339
  min: 0.0005296781702368217
  num_samples: 2655
  rmse: 0.012234224278554709
  std: 0.009378159500905217
