rot:
  max: 153.39498584813649
  mean: 87.27741137590637
  median: 88.07104862567587
  min: 41.043675401231724
  num_samples: 2672
  rmse: 88.28104106016005
  std: 13.273871861158627
scale:
  max: 5.367964404229708
  mean: 1.5340485034692706
  median: 1.3226094420360879
  min: 0.00042044939101426593
  num_samples: 2672
  rmse: 1.8972473860543293
  std: 1.1163524680376187
trans:
  max: 0.1371694040921654
  mean: 0.06844967741643512
  median: 0.06572289247085772
  min: 0.005330228306113224
  num_samples: 2672
  rmse: 0.07238228374977251
  std: 0.02353373456165751
