rot:
  max: 179.99972355091185
  mean: 168.89461057884418
  median: 171.76908563708105
  min: 138.1938116984391
  num_samples: 2734
  rmse: 169.17825388351008
  std: 9.792451403708634
scale:
  max: 14.288743869398711
  mean: 7.505787125762562
  median: 7.9625564888917815
  min: 0.049860535905199566
  num_samples: 2734
  rmse: 8.036730312624503
  std: 2.8726631791065156
trans:
  max: 0.23555819416447954
  mean: 0.1321142370870487
  median: 0.1329566353566326
  min: 0.022869374083978475
  num_samples: 2734
  rmse: 0.1375402705497531
  std: 0.03825120105050794
