rot:
  max: 153.46554294489957
  mean: 87.23465276384847
  median: 88.03001069778628
  min: 40.97216753876022
  num_samples: 2670
  rmse: 88.23957224914069
  std: 13.27921186976439
scale:
  max: 10.076334409227172
  mean: 1.8166701651939459
  median: 1.4135868451621236
  min: 0.0004915474138722509
  num_samples: 2670
  rmse: 2.4094256711320865
  std: 1.582732313312805
trans:
  max: 0.2682970714975378
  mean: 0.07661193541571064
  median: 0.07024932672391214
  min: 0.005946839470097843
  num_samples: 2670
  rmse: 0.08588130181733633
  std: 0.038809913085439775
