rot:
  max: 179.98550494442196
  mean: 144.38232096151273
  median: 143.50541590493552
  min: 62.22424024118834
  num_samples: 2599
  rmse: 146.06618593973303
  std: 22.115064294442316
scale:
  max: 19.504277155934368
  mean: 0.3225897528704181
  median: 0.21686056153739086
  min: 0.00018322005197468627
  num_samples: 2599
  rmse: 0.7936201483857417
  std: 0.7250991596097787
trans:
  max: 0.3867235564702005
  mean: 0.010673603279214112
  median: 0.00862456026266911
  min: 0.0008020693755500455
  num_samples: 2599
  rmse: 0.019832201232710567
  std: 0.016714975284835953
