rot:
  max: 152.15550638704056
  mean: 86.8418938678991
  median: 87.98591125288827
  min: 39.99662411027867
  num_samples: 2751
  rmse: 87.82070946794036
  std: 13.075262172856936
scale:
  max: 33.257486010725
  mean: 6.144126254840378
  median: 4.115309238704745
  min: 0.003237032991032507
  num_samples: 2751
  rmse: 9.111059567242357
  std: 6.7276384417133785
trans:
  max: 0.42521885929956216
  mean: 0.13595266601933104
  median: 0.11203138339861174
  min: 0.00420857983001806
  num_samples: 2751
  rmse: 0.16540925378034466
  std: 0.09421833069210414
