rot:
  max: 153.1112415593365
  mean: 87.92924017789753
  median: 88.3990382805793
  min: 42.77692020558588
  num_samples: 2734
  rmse: 88.92507064497417
  std: 13.270904677197043
scale:
  max: 15.531066345842659
  mean: 8.801286492483124
  median: 9.215716445388672
  min: 0.036653385138651906
  num_samples: 2734
  rmse: 9.454501282544104
  std: 3.4532521742354736
trans:
  max: 0.3174575715703742
  mean: 0.1710544288951347
  median: 0.17106693887303578
  min: 0.03119574592605864
  num_samples: 2734
  rmse: 0.18052725708608625
  std: 0.05771024957826092
