rot:
  max: 179.9972053772804
  mean: 143.46909432800035
  median: 142.84299183616406
  min: 59.738442575100805
  num_samples: 2665
  rmse: 145.31438378212306
  std: 23.08439097488689
scale:
  max: 15.475478314594216
  mean: 0.3171057020449066
  median: 0.20092393309484313
  min: 3.141305385812032e-05
  num_samples: 2665
  rmse: 0.7208237828787216
  std: 0.6473259609301917
trans:
  max: 0.33121257856467656
  mean: 0.010534863231750659
  median: 0.008114470247888425
  min: 0.0005573538309030209
  num_samples: 2665
  rmse: 0.01804929688493491
  std: 0.014655844388121385
