rot:
  max: 153.47085337477384
  mean: 86.31416859580749
  median: 88.55877957496804
  min: 35.35010545568934
  num_samples: 2735
  rmse: 87.35997761380618
  std: 13.477017040103314
scale:
  max: 96.02790272178481
  mean: 22.05354809092272
  median: 17.641743830847368
  min: 0.0006230069743429212
  num_samples: 2735
  rmse: 28.585623074344575
  std: 18.187326992987725
trans:
  max: 1.2586970058730498
  mean: 0.4625352616881232
  median: 0.38882353345379383
  min: 0.023708594122436026
  num_samples: 2735
  rmse: 0.5297519654605639
  std: 0.25826009487419843
