rot:
  max: 152.02100541279816
  mean: 86.73414229161314
  median: 87.9758807758909
  min: 39.745644790055785
  num_samples: 2751
  rmse: 87.71501446045535
  std: 13.0809908927459
scale:
  max: 42.26399720501688
  mean: 8.330632115071111
  median: 6.136116007998005
  min: 0.0026160440099065596
  num_samples: 2751
  rmse: 11.767122470816131
  std: 8.31057999218657
trans:
  max: 0.5281134723537512
  mean: 0.18144456566183656
  median: 0.15318414663186733
  min: 0.04106221224380164
  num_samples: 2751
  rmse: 0.21215473111198555
  std: 0.10994316497621102
