rot:
  max: 152.21033836543867
  mean: 87.9808758405277
  median: 88.4763812358758
  min: 43.05297284529449
  num_samples: 2734
  rmse: 88.99086099756293
  std: 13.369324119835069
scale:
  max: 19.635667136215673
  mean: 9.377400479702844
  median: 9.338065320358023
  min: 0.0032445520170565345
  num_samples: 2734
  rmse: 10.487263316722629
  std: 4.6954288534216815
trans:
  max: 0.40735913635814563
  mean: 0.2113235751616409
  median: 0.20428703542024096
  min: 0.0378616053930236
  num_samples: 2734
  rmse: 0.22705551919787312
  std: 0.08304550185963157
