rot:
  max: 179.99233623230307
  mean: 143.508959517262
  median: 142.860088000204
  min: 59.85052138228464
  num_samples: 2665
  rmse: 145.35264498517637
  std: 23.077476951771967
scale:
  max: 22.859836027890545
  mean: 0.28286194230875705
  median: 0.1735127945621695
  min: 1.3926196906766108e-05
  num_samples: 2665
  rmse: 1.1111235052408068
  std: 1.0745159680023066
trans:
  max: 0.48935940297302055
  mean: 0.0092942615156769
  median: 0.006833441993228296
  min: 8.594156886721936e-05
  num_samples: 2665
  rmse: 0.025289168205163245
  std: 0.023519326763052666
