rot:
  max: 156.91103957482431
  mean: 90.67916441356832
  median: 88.30368277320345
  min: 46.23708512749657
  num_samples: 2675
  rmse: 91.70015815082611
  std: 13.64581057114512
scale:
  max: 52.444737979002085
  mean: 20.266201458358523
  median: 19.997056115592414
  min: 0.0052514600653363885
  num_samples: 2675
  rmse: 23.29245509699769
  std: 11.481269219684728
trans:
  max: 1.948462906939369
  mean: 0.9021810805180048
  median: 0.9447804818081975
  min: 0.049748867867235334
  num_samples: 2675
  rmse: 0.9831791383819933
  std: 0.39078192909207704
