rot:
  max: 179.99212150540578
  mean: 144.10998359443562
  median: 143.36112207231756
  min: 60.97704301438846
  num_samples: 2655
  rmse: 145.88558007492446
  std: 22.69174083689193
scale:
  max: 66.4373067094882
  mean: 0.4534004662800062
  median: 0.2814399857331895
  min: 0.0004784859618300885
  num_samples: 2655
  rmse: 2.1940050539749985
  std: 2.146645334945881
trans:
  max: 1.3642195383171667
  mean: 0.013401498565267124
  median: 0.009871211251153048
  min: 0.0007377021952089864
  num_samples: 2655
  rmse: 0.0459620024646816
  std: 0.04396482124117572
