rot:
  max: 150.03068068331118
  mean: 87.40446239689177
  median: 87.96436680858842
  min: 43.236724011954394
  num_samples: 2735
  rmse: 88.46732433105856
  std: 13.672140556877798
scale:
  max: 36.067367447869536
  mean: 13.604071450432102
  median: 13.507842318072216
  min: 0.03299019036713258
  num_samples: 2735
  rmse: 15.56877410769367
  std: 7.570730954665554
trans:
  max: 0.8741149318632301
  mean: 0.31693501954869785
  median: 0.29857200201513673
  min: 0.03175254751423957
  num_samples: 2735
  rmse: 0.3491229174310437
  std: 0.14642064355557805
