rot:
  max: 152.68756865589623
  mean: 87.91776294150418
  median: 88.47164379274336
  min: 43.23240129086516
  num_samples: 2735
  rmse: 88.94608957339625
  std: 13.486059830806745
scale:
  max: 32.20637652784514
  mean: 14.738589191799145
  median: 14.866086825698876
  min: 0.0031414666361473387
  num_samples: 2735
  rmse: 16.140925467034027
  std: 6.580536723378201
trans:
  max: 0.7431651901548321
  mean: 0.30850956107867067
  median: 0.30195015872371983
  min: 0.05185815784220892
  num_samples: 2735
  rmse: 0.3342548912588631
  std: 0.12863974134582434
