rot:
  max: 150.35981346949157
  mean: 91.46374929042345
  median: 89.67637765873417
  min: 40.363663826908045
  num_samples: 2676
  rmse: 92.44605986135834
  std: 13.44085375370178
scale:
  max: 36.483268601363925
  mean: 4.627977147089361
  median: 3.2602174479777366
  min: 0.0021303466697819573
  num_samples: 2676
  rmse: 7.190691469986029
  std: 5.503441772431912
trans:
  max: 1.8095401650142038
  mean: 0.22402905315081714
  median: 0.1499855583926024
  min: 0.005512300589096696
  num_samples: 2676
  rmse: 0.3711509077902583
  std: 0.2959121148210753
