rot:
  max: 153.67818036947511
  mean: 87.294270168666
  median: 88.01409025830627
  min: 40.80211464225618
  num_samples: 2677
  rmse: 88.30839817902893
  std: 13.344796164267603
scale:
  max: 8.850956976460978
  mean: 1.5894345101281757
  median: 1.331062728689525
  min: 0.0003967780823677103
  num_samples: 2677
  rmse: 1.9832489855019664
  std: 1.1861595493474664
trans:
  max: 0.20024855191619217
  mean: 0.06998953541912498
  median: 0.06795287364654379
  min: 0.00838022741879862
  num_samples: 2677
  rmse: 0.07406735382601409
  std: 0.0242371168789319
