rot:
  max: 179.99338826943676
  mean: 144.10491602864604
  median: 143.353887293708
  min: 61.015202702782
  num_samples: 2655
  rmse: 145.87997260999023
  std: 22.68787308383982
scale:
  max: 25.225300235606785
  mean: 0.35380722996184044
  median: 0.2349131476600541
  min: 0.0005692879407770413
  num_samples: 2655
  rmse: 0.9360720854661397
  std: 0.8666322133498503
trans:
  max: 0.5278783372236105
  mean: 0.011277600032085897
  median: 0.009026167773957974
  min: 0.0004743864786236015
  num_samples: 2655
  rmse: 0.02124897000933685
  std: 0.018009288269501204
