rot:
  max: 152.13539521526343
  mean: 86.99102405426993
  median: 87.72081309561756
  min: 41.15277510206755
  num_samples: 2734
  rmse: 87.97334273436262
  std: 13.109949116876123
scale:
  max: 7.141154093881951
  mean: 2.5869982523568953
  median: 2.403475672792632
  min: 7.18556923295921e-05
  num_samples: 2734
  rmse: 3.1308783573790744
  std: 1.7634736547527623
trans:
  max: 0.2563650310763338
  mean: 0.09564671743672727
  median: 0.094974306062317
  min: 0.012573146461836163
  num_samples: 2734
  rmse: 0.10343047923941881
  std: 0.03936457137166221
