rot:
  max: 150.4293184894093
  mean: 85.34526029871078
  median: 85.93404219994704
  min: 39.97293970318012
  num_samples: 2735
  rmse: 86.43846178467453
  std: 13.703803130735178
scale:
  max: 46.46989009693074
  mean: 17.994515178579142
  median: 17.617768569219727
  min: 0.029762461474980295
  num_samples: 2735
  rmse: 20.92009742564405
  std: 10.66995312952798
trans:
  max: 1.336088131930922
  mean: 0.4883174424789758
  median: 0.42217680597617463
  min: 0.017765000748851626
  num_samples: 2735
  rmse: 0.5501246141257855
  std: 0.2533439686233659
