rot:
  max: 179.99432187923827
  mean: 169.09616148906062
  median: 171.98819336252862
  min: 135.6644138342906
  num_samples: 2734
  rmse: 169.369633585791
  std: 9.620860182472699
scale:
  max: 16.686313914380545
  mean: 10.396524547708925
  median: 11.88929311897366
  min: 0.014140402003559593
  num_samples: 2734
  rmse: 11.18208159916482
  std: 4.1171866874440495
trans:
  max: 0.32717509241492126
  mean: 0.18481298681835445
  median: 0.19061637012465
  min: 0.036463355991071845
  num_samples: 2734
  rmse: 0.19134990458578552
  std: 0.04958775946005199
