rot:
  max: 179.9980516122556
  mean: 168.9210513345743
  median: 171.50271006304501
  min: 135.80241580754108
  num_samples: 2671
  rmse: 169.17595430730486
  std: 9.283422418991474
scale:
  max: 67.4479974389063
  mean: 3.7950097890929295
  median: 2.691753879462022
  min: 0.001937298165388679
  num_samples: 2671
  rmse: 6.416842248526626
  std: 5.174337169451269
trans:
  max: 2.3824828984683872
  mean: 0.1303679157593157
  median: 0.07620431180030071
  min: 0.007678679004307439
  num_samples: 2671
  rmse: 0.26147762095317106
  std: 0.22665999382313243
