rot:
  max: 151.10762038770687
  mean: 87.43178935601435
  median: 87.94809129695828
  min: 42.398903416957275
  num_samples: 2751
  rmse: 88.44776809133475
  std: 13.367493794427483
scale:
  max: 18.514091754101592
  mean: 6.917394270205167
  median: 6.641140280148461
  min: 0.01615037561000232
  num_samples: 2751
  rmse: 7.790913230798147
  std: 3.584408665367033
trans:
  max: 0.40983853763374034
  mean: 0.15184760166976177
  median: 0.14056747919233747
  min: 0.01599512415207651
  num_samples: 2751
  rmse: 0.16458224165771815
  std: 0.06347928903367524
