rot:
  max: 153.6807070029396
  mean: 87.30729164054083
  median: 88.084995548083
  min: 40.73465882943796
  num_samples: 2677
  rmse: 88.32090879775548
  std: 13.342404478016592
scale:
  max: 21.923131722015242
  mean: 1.731184338275721
  median: 1.3807746290684153
  min: 0.0024874262956720017
  num_samples: 2677
  rmse: 2.4753192017217174
  std: 1.769238801666153
trans:
  max: 0.46810274386963757
  mean: 0.07332932379514212
  median: 0.0699824759350649
  min: 0.004408021896828562
  num_samples: 2677
  rmse: 0.08070559224710354
  std: 0.03370760881022191
