rot:
  max: 179.9953443258975
  mean: 144.00856641033567
  median: 143.21290116706422
  min: 60.80146385426374
  num_samples: 2654
  rmse: 145.79110193861416
  std: 22.72835684591908
scale:
  max: 17.794385191572527
  mean: 0.4814445655188376
  median: 0.33158087707115813
  min: 0.00018323096209194034
  num_samples: 2654
  rmse: 0.857239347637342
  std: 0.7092745797433273
trans:
  max: 0.3485787704780147
  mean: 0.015274912185384711
  median: 0.012390248912968927
  min: 0.0004388553187813421
  num_samples: 2654
  rmse: 0.02125043890298797
  std: 0.01477356461042527
