rot:
  max: 179.99955800358848
  mean: 169.05179680223566
  median: 171.6859163416591
  min: 135.56457104669548
  num_samples: 2671
  rmse: 169.30471680052673
  std: 9.25079071443037
scale:
  max: 17.308902729412758
  mean: 0.27240850495582875
  median: 0.1744748305083088
  min: 0.00016213620548377605
  num_samples: 2671
  rmse: 0.6580044543679172
  std: 0.5989686706295675
trans:
  max: 0.36102503413229386
  mean: 0.008527343418683244
  median: 0.0062833794552122815
  min: 0.0005772779846896752
  num_samples: 2671
  rmse: 0.016133767507006857
  std: 0.013696089521830272
