rot:
  max: 179.97496446271455
  mean: 144.03084071372012
  median: 143.18421014709577
  min: 60.87579157070864
  num_samples: 2652
  rmse: 145.8065748381428
  std: 22.68643183336508
scale:
  max: 48.0280399211094
  mean: 0.655640036886374
  median: 0.4267864976580993
  min: 0.0007869415884487196
  num_samples: 2652
  rmse: 1.8713779336193184
  std: 1.7527668163417944
trans:
  max: 1.0116958733468493
  mean: 0.01920248122744129
  median: 0.015068858612176446
  min: 0.0009054961682652447
  num_samples: 2652
  rmse: 0.040127131356930364
  std: 0.03523423598783028
