rot:
  max: 179.94892721145467
  mean: 142.17645922745024
  median: 142.47787122328162
  min: 66.94808945500968
  num_samples: 2613
  rmse: 143.8294737678598
  std: 21.743320029026002
scale:
  max: 9.370677873162848
  mean: 0.29244664170921314
  median: 0.2161661546945859
  min: 0.00026086330353614073
  num_samples: 2613
  rmse: 0.485751290616474
  std: 0.3878521343096801
trans:
  max: 0.3431513448798623
  mean: 0.010606775442142526
  median: 0.008356139300022115
  min: 0.00017180462491663326
  num_samples: 2613
  rmse: 0.018703560776133082
  std: 0.01540517771486154
