rot:
  max: 147.99154358909271
  mean: 82.64489176327699
  median: 83.99553179600882
  min: 35.72717189122353
  num_samples: 2736
  rmse: 83.71625711928942
  std: 13.35041465645212
scale:
  max: 54.057250843041224
  mean: 14.477625051819905
  median: 12.612866587893718
  min: 0.007405710540198118
  num_samples: 2736
  rmse: 17.71655111802212
  std: 10.211491388450913
trans:
  max: 1.526324808460933
  mean: 0.6145255357760746
  median: 0.6010914995780576
  min: 0.017747450749223154
  num_samples: 2736
  rmse: 0.674759568018385
  std: 0.27867335809417704
