rot:
  max: 153.93956687313457
  mean: 85.5864730346529
  median: 88.12747350151744
  min: 29.752910796011115
  num_samples: 2752
  rmse: 86.92003431544748
  std: 15.167333281998124
scale:
  max: 103.97245854887362
  mean: 27.1972584170272
  median: 25.22653004558184
  min: 0.007409271212055479
  num_samples: 2752
  rmse: 32.861989659779645
  std: 18.445039956500665
trans:
  max: 1.4618739334597606
  mean: 0.6761556998507696
  median: 0.6211304113353242
  min: 0.059825604771532565
  num_samples: 2752
  rmse: 0.7262718224120233
  std: 0.2651117303873894
