rot:
  max: 152.44409346515187
  mean: 86.70139131620587
  median: 88.08477436251339
  min: 39.19900141839343
  num_samples: 2751
  rmse: 87.68633829264677
  std: 13.105825689617015
scale:
  max: 58.570134414293996
  mean: 11.946399229809352
  median: 9.077209458312463
  min: 0.006026997064911832
  num_samples: 2751
  rmse: 16.52845381497416
  std: 11.422492326797345
trans:
  max: 0.7170183951094605
  mean: 0.22967774074704714
  median: 0.18826509222558319
  min: 0.007070515219292838
  num_samples: 2751
  rmse: 0.2784275629925567
  std: 0.15738501593006343
