rot:
  max: 151.48050194936485
  mean: 87.4161254065428
  median: 87.99851468995068
  min: 42.36748519966944
  num_samples: 2751
  rmse: 88.42294210662568
  std: 13.305551837457399
scale:
  max: 24.888714906893185
  mean: 7.4482023981590935
  median: 6.4319739429309575
  min: 0.01159093131397615
  num_samples: 2751
  rmse: 8.783663608731612
  std: 4.655859472472647
trans:
  max: 0.6321996750091408
  mean: 0.1782492727855331
  median: 0.16252087680158775
  min: 0.022078458013342253
  num_samples: 2751
  rmse: 0.20329595683273963
  std: 0.09775706018476456
