rot:
  max: 179.9915519297838
  mean: 142.3214418845645
  median: 142.63454381548974
  min: 66.68638396387253
  num_samples: 2614
  rmse: 143.95946799018705
  std: 21.6549210092361
scale:
  max: 152.6710868993328
  mean: 0.8026380893703606
  median: 0.5047658211505712
  min: 7.806718573810656e-05
  num_samples: 2614
  rmse: 4.285432372541115
  std: 4.209596502886617
trans:
  max: 3.1245810021417246
  mean: 0.025347021242326392
  median: 0.01680126917939942
  min: 0.0016843619966735446
  num_samples: 2614
  rmse: 0.10349951579775518
  std: 0.10034778664480283
