rot:
  max: 151.88623140918997
  mean: 89.41350240114413
  median: 89.07040659316374
  min: 43.361323489063615
  num_samples: 2678
  rmse: 90.47295675910048
  std: 13.805125609521088
scale:
  max: 147.4652223614326
  mean: 6.285977158470213
  median: 4.91279470757156
  min: 0.0003778827643796667
  num_samples: 2678
  rmse: 12.576841975746156
  std: 10.893275230438336
trans:
  max: 3.7070398776499864
  mean: 0.23552484561021766
  median: 0.1735755831047345
  min: 0.003369982913851768
  num_samples: 2678
  rmse: 0.42721726576244956
  std: 0.3564304129361388
