rot:
  max: 179.99168688695107
  mean: 144.01171496620535
  median: 143.17933658610053
  min: 60.81208541491907
  num_samples: 2654
  rmse: 145.79310623954143
  std: 22.72126271725794
scale:
  max: 5.528490780810702
  mean: 0.4635187490878927
  median: 0.3354180412679264
  min: 0.00010603717535140333
  num_samples: 2654
  rmse: 0.6456524865455435
  std: 0.44946357207947263
trans:
  max: 0.10592274768159379
  mean: 0.015659329425073774
  median: 0.013517148017083846
  min: 0.0009749419942658619
  num_samples: 2654
  rmse: 0.018481908513854478
  std: 0.009816636097538972
