rot:
  max: 150.8268393222986
  mean: 88.04323412975847
  median: 88.5087493442903
  min: 44.05464544441579
  num_samples: 2735
  rmse: 89.085885387717
  std: 13.589845447464509
scale:
  max: 25.743067441878498
  mean: 11.911680164848214
  median: 12.288374449577855
  min: 0.0041543390009612935
  num_samples: 2735
  rmse: 13.040559776857762
  std: 5.30736044980572
trans:
  max: 0.5796950387110102
  mean: 0.23048700716424572
  median: 0.22068195872425805
  min: 0.03475950976849261
  num_samples: 2735
  rmse: 0.24961662616977093
  std: 0.09583422973472526
