rot:
  max: 152.32904889185767
  mean: 86.88241108726838
  median: 87.98147487916822
  min: 40.2350316633902
  num_samples: 2751
  rmse: 87.86139537209701
  std: 13.079428137149483
scale:
  max: 31.172440670343484
  mean: 5.60164385021428
  median: 3.4199795209071793
  min: 0.0004655430432487506
  num_samples: 2751
  rmse: 8.538902899589246
  std: 6.4447225622186535
trans:
  max: 0.39811013058175687
  mean: 0.12793398323858068
  median: 0.09797475376125821
  min: 0.005749469558219044
  num_samples: 2751
  rmse: 0.15518733600460555
  std: 0.08784079455991341
