rot:
  max: 153.61726237505084
  mean: 87.2546679352488
  median: 88.0927950351772
  min: 40.39252123179317
  num_samples: 2672
  rmse: 88.27266658741804
  std: 13.367370345843838
scale:
  max: 7.122970617440427
  mean: 1.6161596160904073
  median: 1.4107107291712107
  min: 0.0003773570157128425
  num_samples: 2672
  rmse: 2.0077254987794846
  std: 1.1912135718534436
trans:
  max: 0.1489535814077179
  mean: 0.0696358925571032
  median: 0.06719787349532785
  min: 0.008649478671996232
  num_samples: 2672
  rmse: 0.07386502081745315
  std: 0.024635011023710938
