rot:
  max: 152.17436586590392
  mean: 86.90774373565938
  median: 87.98592608084108
  min: 40.40580293050718
  num_samples: 2751
  rmse: 87.88524142412788
  std: 13.071332715304692
scale:
  max: 23.915866059901568
  mean: 4.457664740527269
  median: 2.881825008878569
  min: 0.001728545667323278
  num_samples: 2751
  rmse: 6.629640185567207
  std: 4.907275624126649
trans:
  max: 0.3451517158579721
  mean: 0.1148406336264805
  median: 0.09642731105141325
  min: 0.004207655329195559
  num_samples: 2751
  rmse: 0.1346872430058997
  std: 0.07037245410527306
