rot:
  max: 179.9990923116283
  mean: 143.99475484202546
  median: 143.2155087906576
  min: 60.85726766006486
  num_samples: 2652
  rmse: 145.7739082312593
  std: 22.7055697792548
scale:
  max: 6.1285717676552665
  mean: 0.4879829182977369
  median: 0.36764694212473303
  min: 7.161822186407818e-05
  num_samples: 2652
  rmse: 0.6735933387665378
  std: 0.46432817864122367
trans:
  max: 0.11683370255528873
  mean: 0.015913192272201296
  median: 0.013780551844993667
  min: 0.000693930294416893
  num_samples: 2652
  rmse: 0.01879453179859822
  std: 0.01000023685901853
