rot:
  max: 153.4589391528238
  mean: 87.38176944988038
  median: 88.36428650413296
  min: 40.8357119588594
  num_samples: 2675
  rmse: 88.37360182772338
  std: 13.203024949342298
scale:
  max: 52.190948695596376
  mean: 2.457184482528053
  median: 1.3027616290514743
  min: 0.000951801187154544
  num_samples: 2675
  rmse: 4.974158607730197
  std: 4.3248697406603736
trans:
  max: 1.4914884778565973
  mean: 0.10843886998110244
  median: 0.07585902880584766
  min: 0.006562546907487671
  num_samples: 2675
  rmse: 0.19021499110034265
  std: 0.15627781133777438
