rot:
  max: 153.51530525325967
  mean: 87.26021099364314
  median: 88.12411161377898
  min: 40.97427961023377
  num_samples: 2670
  rmse: 88.26366486178452
  std: 13.271402042673662
scale:
  max: 5.063818923411933
  mean: 1.5212746169634996
  median: 1.2822242878870682
  min: 0.0016511781226746791
  num_samples: 2670
  rmse: 1.8935791612057116
  std: 1.1275484821217592
trans:
  max: 0.13683565660187105
  mean: 0.06850894348636621
  median: 0.06652006311598707
  min: 0.0022499808703345717
  num_samples: 2670
  rmse: 0.07258065692466799
  std: 0.023968237774150834
