rot:
  max: 153.6717379960226
  mean: 87.24933994288072
  median: 88.04957854997582
  min: 40.809189778362544
  num_samples: 2672
  rmse: 88.25137749236657
  std: 13.261157899362027
scale:
  max: 4.963753733827481
  mean: 1.515326395883087
  median: 1.2901605966692986
  min: 0.000285792500864801
  num_samples: 2672
  rmse: 1.886539129758025
  std: 1.123750773992235
trans:
  max: 0.1369475800899754
  mean: 0.06881696303445939
  median: 0.06659617039806712
  min: 0.0010657631373942342
  num_samples: 2672
  rmse: 0.07277546360758712
  std: 0.02367474819323484
