rot:
  max: 151.68989736639256
  mean: 87.0336511246125
  median: 87.77527135579007
  min: 41.54572181287161
  num_samples: 2734
  rmse: 88.02089798323318
  std: 13.146180194032564
scale:
  max: 7.314692269916135
  mean: 2.7271928000496817
  median: 2.458067848663342
  min: 0.00044660338398561095
  num_samples: 2734
  rmse: 3.304215908086501
  std: 1.8655460858979311
trans:
  max: 0.22333332431122777
  mean: 0.09313073962022787
  median: 0.09523558152558487
  min: 0.0033330494381155085
  num_samples: 2734
  rmse: 0.09951253544944741
  std: 0.035062944105805544
