rot:
  max: 179.99280021466836
  mean: 143.44741453679646
  median: 142.80833105519136
  min: 59.69755735910635
  num_samples: 2666
  rmse: 145.2967395776081
  std: 23.108046100692736
scale:
  max: 3.8366138614186918
  mean: 0.6084213990218957
  median: 0.4631549329790263
  min: 0.0002714641869849821
  num_samples: 2666
  rmse: 0.8146268036023383
  std: 0.5417012371774699
trans:
  max: 0.07571039673237345
  mean: 0.019274831322288594
  median: 0.017051158863707297
  min: 0.0005833556370553233
  num_samples: 2666
  rmse: 0.022457136573588964
  std: 0.01152405573494629
