rot:
  max: 179.9927345852667
  mean: 167.7953265833462
  median: 170.74296182761347
  min: 122.86332646138084
  num_samples: 2673
  rmse: 168.14031211337615
  std: 10.76535806983303
scale:
  max: 231.30649756155762
  mean: 12.626970111597531
  median: 10.314707974698113
  min: 0.0003041090903987964
  num_samples: 2673
  rmse: 22.61040009035029
  std: 18.756060835008306
trans:
  max: 4.72237421418954
  mean: 0.435460865753159
  median: 0.36955847383367607
  min: 0.022641119826276382
  num_samples: 2673
  rmse: 0.6500610333322221
  std: 0.4826522365580276
