rot:
  max: 151.4808788567603
  mean: 86.70656389976814
  median: 88.05235395660566
  min: 38.369815996054555
  num_samples: 2735
  rmse: 87.69756469352733
  std: 13.146658505902781
scale:
  max: 49.71933903081101
  mean: 10.041874128808088
  median: 7.279779722677082
  min: 0.018025356242556967
  num_samples: 2735
  rmse: 14.146008829496019
  std: 9.963449693020703
trans:
  max: 0.6686346182086619
  mean: 0.218426146665985
  median: 0.16993641995248412
  min: 0.021310372643849978
  num_samples: 2735
  rmse: 0.2636056007734619
  std: 0.1475734773317598
