rot:
  max: 153.72370560871823
  mean: 87.25868028337882
  median: 87.98526303878283
  min: 41.06208102894666
  num_samples: 2735
  rmse: 88.23837126747652
  std: 13.112317840110226
scale:
  max: 33.729677999927496
  mean: 12.162318407328106
  median: 11.956895147559909
  min: 0.015307994525481927
  num_samples: 2735
  rmse: 13.785670397127932
  std: 6.49020178862084
trans:
  max: 0.8096606561127125
  mean: 0.2858511587255877
  median: 0.2709139950730499
  min: 0.021728449654754175
  num_samples: 2735
  rmse: 0.3139323989482186
  std: 0.12977929790464388
