rot:
  max: 179.9969959670521
  mean: 167.5893692557311
  median: 171.0754832037416
  min: 133.2490255074243
  num_samples: 2735
  rmse: 167.95975005289384
  std: 11.148136628906906
scale:
  max: 83.46594868742716
  mean: 21.48405838533334
  median: 21.009047901043555
  min: 0.02763752685687182
  num_samples: 2735
  rmse: 24.991573518913718
  std: 12.76769291010939
trans:
  max: 1.7859635073031581
  mean: 0.7672168733792494
  median: 0.7999178553079707
  min: 0.028811884218506802
  num_samples: 2735
  rmse: 0.8419656623113563
  std: 0.3468204805278511
