rot:
  max: 179.96560607259497
  mean: 144.0263670928916
  median: 143.16398158643818
  min: 60.79781616202217
  num_samples: 2652
  rmse: 145.8021821602362
  std: 22.68660187666624
scale:
  max: 50.56571455780474
  mean: 0.6453291911757497
  median: 0.38591439865283683
  min: 1.1339001704246954e-05
  num_samples: 2652
  rmse: 2.19789669618438
  std: 2.101023589138081
trans:
  max: 1.0763474275953049
  mean: 0.019924763393937846
  median: 0.014811403359118267
  min: 0.0005380707130598894
  num_samples: 2652
  rmse: 0.04697285011518431
  std: 0.04253765921673601
