rot:
  max: 153.85717432087236
  mean: 87.30705403937243
  median: 88.04701491590735
  min: 40.35177581442055
  num_samples: 2675
  rmse: 88.33166075061888
  std: 13.414939654300785
scale:
  max: 7.72755160811508
  mean: 1.6452668454255899
  median: 1.3943092653436517
  min: 0.0006681630662308535
  num_samples: 2675
  rmse: 2.06649087837357
  std: 1.250392561456002
trans:
  max: 0.1551168102837606
  mean: 0.07067658965913881
  median: 0.0688234930927302
  min: 0.007512250154373466
  num_samples: 2675
  rmse: 0.07511374456470776
  std: 0.02543411678603931
