rot:
  max: 152.47102412164315
  mean: 89.18629198442567
  median: 89.0818485715403
  min: 43.4181753147521
  num_samples: 2676
  rmse: 90.26166783566055
  std: 13.891508289019287
scale:
  max: 27.375932680755422
  mean: 2.711889866454914
  median: 1.5501020049776437
  min: 0.0015695466301757222
  num_samples: 2676
  rmse: 4.553453322116999
  std: 3.657812257199314
trans:
  max: 1.680248781629273
  mean: 0.12250948992819037
  median: 0.07763746849944997
  min: 0.014422615215230007
  num_samples: 2676
  rmse: 0.21143106902135944
  std: 0.17232098486559752
