rot:
  max: 153.27786017322072
  mean: 87.23439544891639
  median: 88.09562642728841
  min: 41.12352337462035
  num_samples: 2671
  rmse: 88.2334974824401
  std: 13.240480680316239
scale:
  max: 15.534464637956535
  mean: 1.5067491338350112
  median: 1.2755218736910434
  min: 0.0007710662049520423
  num_samples: 2671
  rmse: 1.9052660811338915
  std: 1.1660814240895614
trans:
  max: 0.3204718517604777
  mean: 0.06893872106124635
  median: 0.06606360065319641
  min: 0.004797466835963235
  num_samples: 2671
  rmse: 0.07317141755098529
  std: 0.02452568214872527
