rot:
  max: 179.99471150453462
  mean: 163.52155083234186
  median: 166.4351160192449
  min: 107.79717923863447
  num_samples: 2736
  rmse: 163.99876370682793
  std: 12.501876289334335
scale:
  max: 47.809929105934735
  mean: 18.32119185271925
  median: 18.16463991109092
  min: 0.0053121614869588996
  num_samples: 2736
  rmse: 21.11075773309077
  std: 10.487994143834431
trans:
  max: 2.009604211991956
  mean: 0.8485859913913825
  median: 0.8658132907240894
  min: 0.036558113893548606
  num_samples: 2736
  rmse: 0.9377486335238806
  std: 0.399091862721113
