rot:
  max: 153.59105489206271
  mean: 87.29671358399222
  median: 88.09182270816731
  min: 40.958775358167145
  num_samples: 2672
  rmse: 88.30028167496462
  std: 13.274921518130618
scale:
  max: 5.376223438627193
  mean: 1.5134994165523536
  median: 1.2757707947123054
  min: 0.0007711561897827401
  num_samples: 2672
  rmse: 1.8865671492307938
  std: 1.1262571307887455
trans:
  max: 0.13598553660101842
  mean: 0.06892649679426414
  median: 0.06691968826601277
  min: 0.0016996001488637793
  num_samples: 2672
  rmse: 0.07293115386485689
  std: 0.02383466474968183
