rot:
  max: 179.97829820373644
  mean: 144.09791488938956
  median: 143.34482619763062
  min: 60.94546819963729
  num_samples: 2655
  rmse: 145.87390156740554
  std: 22.69330480620655
scale:
  max: 3.9483962268871187
  mean: 0.29737643356082105
  median: 0.20005964210140226
  min: 3.115367448458528e-05
  num_samples: 2655
  rmse: 0.43044533219549574
  std: 0.3112080345549214
trans:
  max: 0.08284025854833305
  mean: 0.010412723465561255
  median: 0.008777168114185135
  min: 0.0005204226238937866
  num_samples: 2655
  rmse: 0.012354608211986967
  std: 0.006649175445229707
