rot:
  max: 153.52982428877846
  mean: 87.2665367675684
  median: 88.01175091742888
  min: 40.74734512575395
  num_samples: 2672
  rmse: 88.28284295175479
  std: 13.357092506935224
scale:
  max: 7.058813649437202
  mean: 1.7670148863510438
  median: 1.4452935444955295
  min: 0.00021482650924831148
  num_samples: 2672
  rmse: 2.2403822823072628
  std: 1.3773057620913711
trans:
  max: 0.22634699402548084
  mean: 0.07252023926141067
  median: 0.06867537364558256
  min: 0.00780977700231891
  num_samples: 2672
  rmse: 0.07805426699933554
  std: 0.02886665020869784
