rot:
  max: 179.99455176857646
  mean: 144.10363285818661
  median: 143.34041003514608
  min: 60.95004335123039
  num_samples: 2655
  rmse: 145.87942634551655
  std: 22.692510393738505
scale:
  max: 3.736121985495977
  mean: 0.17687576919494577
  median: 0.14534994899153553
  min: 0.00036333009755251666
  num_samples: 2655
  rmse: 0.2399951656979859
  std: 0.16221171915154625
trans:
  max: 0.07457090649886441
  mean: 0.006686740810161884
  median: 0.005709676201729914
  min: 0.0005549999924694392
  num_samples: 2655
  rmse: 0.00792936728392897
  std: 0.004261732377937266
