rot:
  max: 154.62308988209745
  mean: 86.1664562597944
  median: 88.71820793420537
  min: 31.6191935210245
  num_samples: 2752
  rmse: 87.42140067836469
  std: 14.759509212575619
scale:
  max: 108.62462337410021
  mean: 27.46059194500053
  median: 24.244727944124932
  min: 0.003663803126841003
  num_samples: 2752
  rmse: 33.67681339386237
  std: 19.49470826648093
trans:
  max: 1.465891252300736
  mean: 0.6402550050593798
  median: 0.5776645729818397
  min: 0.0871874893268305
  num_samples: 2752
  rmse: 0.6924390929481098
  std: 0.26371466766036084
