rot:
  max: 179.92315965411194
  mean: 142.08302768797353
  median: 142.46670562325332
  min: 65.66364400415915
  num_samples: 2612
  rmse: 143.76661933424364
  std: 21.93750391033174
scale:
  max: 7.544090143425198
  mean: 0.3008375506430864
  median: 0.21661931240647414
  min: 5.384152125254005e-05
  num_samples: 2612
  rmse: 0.4719556467440013
  std: 0.3636466700199745
trans:
  max: 0.26634334967678885
  mean: 0.010435808750826107
  median: 0.008809035907936236
  min: 0.0005974928942024972
  num_samples: 2612
  rmse: 0.015136638527466453
  std: 0.010964110617253133
