rot:
  max: 146.8708052425683
  mean: 86.74080402500523
  median: 87.24956298961379
  min: 39.38800623213981
  num_samples: 2735
  rmse: 87.86067108182836
  std: 13.983219945522638
scale:
  max: 31.905905175454407
  mean: 13.189885317660776
  median: 13.249487729452847
  min: 0.04750195947192948
  num_samples: 2735
  rmse: 14.472275361893221
  std: 5.955978463478374
trans:
  max: 0.7017809854801017
  mean: 0.27055827010598116
  median: 0.2623346711410621
  min: 0.03863905888113878
  num_samples: 2735
  rmse: 0.2936875977574737
  std: 0.11423934328336591
