rot:
  max: 153.73908713004397
  mean: 87.3476023256429
  median: 87.86244579475549
  min: 41.35337307548545
  num_samples: 2671
  rmse: 88.34043063512607
  std: 13.207121289701062
scale:
  max: 61.05200086477509
  mean: 4.078640553073967
  median: 2.7462373109302884
  min: 0.0003879554939301144
  num_samples: 2671
  rmse: 6.572096223518301
  std: 5.1533620103776965
trans:
  max: 2.309860500263142
  mean: 0.14987144651643267
  median: 0.10067871571366811
  min: 0.006252749064589142
  num_samples: 2671
  rmse: 0.26404306153037693
  std: 0.21738741422034263
