rot:
  max: 154.01357173979048
  mean: 87.25071921556733
  median: 88.09531146602907
  min: 40.1862229458076
  num_samples: 2675
  rmse: 88.2736180875538
  std: 13.399389785865385
scale:
  max: 18.152573271604332
  mean: 1.6706056465163739
  median: 1.3877440162341603
  min: 0.00015415151545239425
  num_samples: 2675
  rmse: 2.2177735307810886
  std: 1.4586281937700354
trans:
  max: 0.6805130787753653
  mean: 0.0717555465838312
  median: 0.06797247833768974
  min: 0.007449475505650032
  num_samples: 2675
  rmse: 0.0810930750274755
  std: 0.03777867588822317
