rot:
  max: 180.0000000000003
  mean: 168.473555827327
  median: 171.2504431183816
  min: 133.88453312613598
  num_samples: 2735
  rmse: 168.76155792046708
  std: 9.85517217707423
scale:
  max: 48.65465238223916
  mean: 18.596977430881985
  median: 18.68910451859319
  min: 0.017844462966953856
  num_samples: 2735
  rmse: 21.65740509208599
  std: 11.09935249273485
trans:
  max: 1.3585826912839525
  mean: 0.48671545515946574
  median: 0.42367342794211243
  min: 0.024625767284943385
  num_samples: 2735
  rmse: 0.54903376542079
  std: 0.2540593263020368
