rot:
  max: 179.9941472382184
  mean: 143.43183628188493
  median: 142.82884411139722
  min: 59.74353801794651
  num_samples: 2665
  rmse: 145.27958528543698
  std: 23.09688813487897
scale:
  max: 16.015575009847804
  mean: 0.5129753486341945
  median: 0.3458968875224233
  min: 0.00016822496071711157
  num_samples: 2665
  rmse: 0.9110291775157384
  std: 0.752881434210349
trans:
  max: 0.34285161239529
  mean: 0.01648350513648724
  median: 0.013526959051027725
  min: 0.0005401040135204186
  num_samples: 2665
  rmse: 0.023366693941733404
  std: 0.016561897360569552
