rot:
  max: 154.2415512497637
  mean: 87.39520094311325
  median: 88.17270307054147
  min: 40.45127331975726
  num_samples: 2678
  rmse: 88.4041518546935
  std: 13.318142410282249
scale:
  max: 22.017789247083396
  mean: 2.218255642957117
  median: 1.430623800550801
  min: 0.0002651068871317719
  num_samples: 2678
  rmse: 3.397388376305942
  std: 2.573244971227498
trans:
  max: 1.9290168597063235
  mean: 0.1102843686943507
  median: 0.07434722137237317
  min: 0.002784684727363157
  num_samples: 2678
  rmse: 0.22009804413993603
  std: 0.19047442625169841
