rot:
  max: 179.9935107846847
  mean: 169.04277088063148
  median: 171.72909844097632
  min: 135.31358221901178
  num_samples: 2670
  rmse: 169.29481691473308
  std: 9.234535569877469
scale:
  max: 6.236729884987991
  mean: 0.29782392095757293
  median: 0.2169616551767506
  min: 4.926163366114622e-05
  num_samples: 2670
  rmse: 0.4471065882263033
  std: 0.33347445680415
trans:
  max: 0.13353704370468417
  mean: 0.009811819611333716
  median: 0.008279984096894868
  min: 0.0003227550778930797
  num_samples: 2670
  rmse: 0.012380202734787628
  std: 0.007549676527447407
