rot:
  max: 153.06437811271815
  mean: 86.06632286605117
  median: 88.30679157288671
  min: 35.389187523161645
  num_samples: 2752
  rmse: 87.13346221846695
  std: 13.595157464834585
scale:
  max: 101.30959527833147
  mean: 24.313907241114933
  median: 21.615935811749736
  min: 0.011619026627807116
  num_samples: 2752
  rmse: 30.834194702620017
  std: 18.962633720808366
trans:
  max: 1.2647967349541567
  mean: 0.5012474954748015
  median: 0.4327773023009137
  min: 0.05332976349398293
  num_samples: 2752
  rmse: 0.56362601178558
  std: 0.25773092449598894
