rot:
  max: 152.9005961332476
  mean: 87.44275958159307
  median: 88.01844934711274
  min: 41.86845866198175
  num_samples: 2751
  rmse: 88.44535088623125
  std: 13.279453683953781
scale:
  max: 25.313017133131797
  mean: 8.695895633789757
  median: 8.535041498239092
  min: 0.005407963693526696
  num_samples: 2751
  rmse: 9.881676558469447
  std: 4.693498773030705
trans:
  max: 0.6884875532709549
  mean: 0.20672109469964162
  median: 0.18580744576793107
  min: 0.02670703505998839
  num_samples: 2751
  rmse: 0.2333487925797617
  std: 0.10824993304669746
