rot:
  max: 150.46198277737912
  mean: 87.52252906620627
  median: 88.15133153645317
  min: 42.98409542824395
  num_samples: 2735
  rmse: 88.57398307969912
  std: 13.607254846510699
scale:
  max: 40.20493008124715
  mean: 14.311255204680567
  median: 14.238598298012661
  min: 0.014000100278344085
  num_samples: 2735
  rmse: 16.205264419769623
  std: 7.602537035829183
trans:
  max: 0.9277243659659995
  mean: 0.3271584151221732
  median: 0.31130055918431787
  min: 0.05245926000335246
  num_samples: 2735
  rmse: 0.3567709000026701
  std: 0.1423124959498041
