rot:
  max: 179.9907383835504
  mean: 141.59074573802496
  median: 140.1668558738497
  min: 59.465130233163535
  num_samples: 2581
  rmse: 143.5210845189869
  std: 23.459804407883624
scale:
  max: 31.903312270789684
  mean: 0.5746005891976782
  median: 0.3450222727201857
  min: 0.0005955991393635784
  num_samples: 2581
  rmse: 1.5558863049476812
  std: 1.4458963852287021
trans:
  max: 0.8483040592270846
  mean: 0.017843637610244018
  median: 0.013466324959417254
  min: 0.0005805334438024398
  num_samples: 2581
  rmse: 0.038681569003472624
  std: 0.034320087083291324
