rot:
  max: 179.97410984454223
  mean: 143.9808399927727
  median: 143.20199595878907
  min: 60.81947750534458
  num_samples: 2652
  rmse: 145.76027304580902
  std: 22.706274757527893
scale:
  max: 36.894287655520365
  mean: 0.5932858382222871
  median: 0.4011180783414059
  min: 7.082097410737731e-05
  num_samples: 2652
  rmse: 1.5382812150908
  std: 1.4192677727850038
trans:
  max: 0.7943560700063688
  mean: 0.018655181870113814
  median: 0.014901926503870969
  min: 0.0006531070936951228
  num_samples: 2652
  rmse: 0.035262393150968345
  std: 0.02992357866510013
