rot:
  max: 152.06973842421266
  mean: 86.67986030263263
  median: 87.8962351760529
  min: 39.90554069125574
  num_samples: 2751
  rmse: 87.66258388038264
  std: 13.089325059041057
scale:
  max: 42.14590129432836
  mean: 8.560471663750025
  median: 6.239141688745775
  min: 0.003382641412708054
  num_samples: 2751
  rmse: 11.887004552026287
  std: 8.247375468233916
trans:
  max: 0.5256920733356286
  mean: 0.17765397069249325
  median: 0.14847588499867903
  min: 0.0329117763538544
  num_samples: 2751
  rmse: 0.20925556091167488
  std: 0.1105755690451124
