rot:
  max: 179.98188360708326
  mean: 168.9116407686139
  median: 171.92931519420944
  min: 131.00280940075547
  num_samples: 2736
  rmse: 169.1803360465348
  std: 9.531197074514251
scale:
  max: 46.17928918594054
  mean: 17.885610722615287
  median: 17.528284657314522
  min: 0.013817825217410373
  num_samples: 2736
  rmse: 20.584580539758964
  std: 10.189695043370646
trans:
  max: 1.3823559321541419
  mean: 0.48247332410202376
  median: 0.41114225774002533
  min: 0.03817750801586624
  num_samples: 2736
  rmse: 0.5616760597472292
  std: 0.2875751860350897
