rot:
  max: 179.99069214328733
  mean: 141.51794097255953
  median: 141.72262435326752
  min: 62.987226536429766
  num_samples: 2618
  rmse: 143.27809843167603
  std: 22.389414308644657
scale:
  max: 12.704128364279343
  mean: 0.2222058472227391
  median: 0.15680493039847976
  min: 0.00019980818355413987
  num_samples: 2618
  rmse: 0.5065013500905812
  std: 0.45515731247954916
trans:
  max: 0.3877259088976513
  mean: 0.00842203093139895
  median: 0.006496022854266698
  min: 0.00013769452649338906
  num_samples: 2618
  rmse: 0.0169030875631964
  std: 0.014655502862735344
