rot:
  max: 157.05373516083966
  mean: 81.74621988333274
  median: 84.06842892484414
  min: 24.415160289386524
  num_samples: 2736
  rmse: 83.3288396136868
  std: 16.163262237226522
scale:
  max: 46.24231425147052
  mean: 16.843017441221242
  median: 16.776270127743715
  min: 0.015349590799440538
  num_samples: 2736
  rmse: 19.600297714470003
  std: 10.024192434833594
trans:
  max: 1.942681549934087
  mean: 0.8240132177378968
  median: 0.8458982153178707
  min: 0.05627583017236226
  num_samples: 2736
  rmse: 0.9106432929388051
  std: 0.38765116273225236
