rot:
  max: 151.02492566475405
  mean: 89.51510122197874
  median: 88.4982676864215
  min: 44.57791286979536
  num_samples: 2735
  rmse: 90.79821222981161
  std: 15.210588330134197
scale:
  max: 82.21202508819749
  mean: 20.930345710441735
  median: 18.885323174871083
  min: 0.02256236026659808
  num_samples: 2735
  rmse: 24.715994386740363
  std: 13.145379681347228
trans:
  max: 1.3830094051302038
  mean: 0.5883934235566581
  median: 0.5562040064110256
  min: 0.02602910197545397
  num_samples: 2735
  rmse: 0.6555240382049653
  std: 0.2889722197371572
