rot:
  max: 152.95628863074253
  mean: 81.2656028806832
  median: 83.50058824415865
  min: 26.425011919166266
  num_samples: 2736
  rmse: 82.7549042301594
  std: 15.629330202600718
scale:
  max: 43.237515837373294
  mean: 16.830977909472278
  median: 16.591846842562102
  min: 0.021408450804050183
  num_samples: 2736
  rmse: 19.512498822409984
  std: 9.871970062019388
trans:
  max: 1.941278921277013
  mean: 0.8185449936347987
  median: 0.8514423656828913
  min: 0.03916376964997934
  num_samples: 2736
  rmse: 0.9069909700810301
  std: 0.39066189115901223
