rot:
  max: 179.98799739618318
  mean: 143.4671125739414
  median: 142.90016691854274
  min: 59.8261165324852
  num_samples: 2665
  rmse: 145.31114108116063
  std: 23.076293723321214
scale:
  max: 13.084500413944976
  mean: 0.30435885470955226
  median: 0.2006209993915986
  min: 4.937939507287936e-05
  num_samples: 2665
  rmse: 0.651397095186617
  std: 0.575920014565785
trans:
  max: 0.28298641643340067
  mean: 0.010212167561850661
  median: 0.00816163857723695
  min: 0.0003025303604469307
  num_samples: 2665
  rmse: 0.016859574785162264
  std: 0.013414801363611931
