rot:
  max: 153.15666692031084
  mean: 86.07429683607774
  median: 88.3543665418672
  min: 35.369787705382485
  num_samples: 2752
  rmse: 87.14115837824106
  std: 13.594002636327154
scale:
  max: 99.88605176633658
  mean: 23.225283965755576
  median: 20.52266117644312
  min: 0.00018002281398921127
  num_samples: 2752
  rmse: 29.634125397308964
  std: 18.405639700196488
trans:
  max: 1.2398795100271571
  mean: 0.4854240760807205
  median: 0.4299009254477262
  min: 0.04901168501453268
  num_samples: 2752
  rmse: 0.5461586760830339
  std: 0.2503053451725548
