rot:
  max: 153.47688372902738
  mean: 86.13998404031425
  median: 88.40079213463912
  min: 34.87178023246874
  num_samples: 2752
  rmse: 87.21600475190944
  std: 13.65776828107364
scale:
  max: 99.47085888679314
  mean: 22.534695233105342
  median: 18.698244341264836
  min: 0.002369880203922925
  num_samples: 2752
  rmse: 29.098600762901135
  std: 18.409673465593293
trans:
  max: 1.2902855888999007
  mean: 0.4875321186198801
  median: 0.42327303907866576
  min: 0.020591480288331673
  num_samples: 2752
  rmse: 0.5487773827898333
  std: 0.2519306435820582
