rot:
  max: 153.76939740177886
  mean: 87.84412265034585
  median: 88.09512314605922
  min: 42.4975592469405
  num_samples: 2751
  rmse: 88.85107607170251
  std: 13.338809350556012
scale:
  max: 26.58871709315933
  mean: 9.293189314762145
  median: 9.43595475060186
  min: 0.0100086150713663
  num_samples: 2751
  rmse: 10.46187112741184
  std: 4.804932865978904
trans:
  max: 0.715544601277638
  mean: 0.20873333635932248
  median: 0.18601392036723172
  min: 0.007395189620107584
  num_samples: 2751
  rmse: 0.23530423611308268
  std: 0.10862079830800082
