rot:
  max: 179.99113737023623
  mean: 169.02852658488277
  median: 171.66211034441022
  min: 135.45873139192426
  num_samples: 2670
  rmse: 169.28181968450238
  std: 9.256979866024986
scale:
  max: 4.928805974630812
  mean: 0.33968378793388093
  median: 0.21909665709998194
  min: 0.0003667828865738798
  num_samples: 2670
  rmse: 0.5536597101819944
  std: 0.4372116179765824
trans:
  max: 0.13343384626501334
  mean: 0.010427734788984991
  median: 0.007799274293572318
  min: 0.00020669262370972267
  num_samples: 2670
  rmse: 0.015177396782190856
  std: 0.011027951770598635
