rot:
  max: 180.0
  mean: 144.09555209938506
  median: 143.38335179575927
  min: 60.95241020670866
  num_samples: 2655
  rmse: 145.87212108000372
  std: 22.69686263677642
scale:
  max: 12.635615857029148
  mean: 0.3442889368278691
  median: 0.24612466668352262
  min: 7.069044010155068e-05
  num_samples: 2655
  rmse: 0.6058927916726577
  std: 0.4985691556633061
trans:
  max: 0.29182791029793054
  mean: 0.011080077492391786
  median: 0.008949372237314335
  min: 0.0007592662170892388
  num_samples: 2655
  rmse: 0.017146337418315304
  std: 0.01308544113223974
