rot:
  max: 179.99059637372153
  mean: 143.42525567616224
  median: 142.69864789648423
  min: 59.671427712125556
  num_samples: 2665
  rmse: 145.2834084327273
  std: 23.161709782702978
scale:
  max: 26.248807133970487
  mean: 0.6756997767965889
  median: 0.3857962654055358
  min: 0.0004962488640125606
  num_samples: 2665
  rmse: 1.9260579210512427
  std: 1.8036432371401134
trans:
  max: 0.5716263374214692
  mean: 0.020174018856385284
  median: 0.014517209067388551
  min: 0.0005082972531512075
  num_samples: 2665
  rmse: 0.04431322786286738
  std: 0.039454671799529856
