rot:
  max: 179.99220364126936
  mean: 142.03503272928162
  median: 142.33882682185327
  min: 65.60396242973327
  num_samples: 2608
  rmse: 143.7167568481652
  std: 21.92158015624186
scale:
  max: 3.352104007428802
  mean: 0.3438483938868165
  median: 0.24700461270875107
  min: 0.00018887300148318076
  num_samples: 2608
  rmse: 0.48274887527602484
  std: 0.338843265539871
trans:
  max: 0.128142501369671
  mean: 0.01177685644527922
  median: 0.01000132362495857
  min: 0.00040466230100643085
  num_samples: 2608
  rmse: 0.0141866839366146
  std: 0.007909971768892998
