rot:
  max: 151.974987154198
  mean: 86.98900801886526
  median: 88.00049518235984
  min: 39.969849209942275
  num_samples: 2735
  rmse: 87.97467896664836
  std: 13.132274105372288
scale:
  max: 33.137964647787975
  mean: 6.279182593694245
  median: 4.145664323563736
  min: 0.0009954317148563874
  num_samples: 2735
  rmse: 9.2266207684849
  std: 6.7603547806667725
trans:
  max: 0.45362068517199605
  mean: 0.1495625253956341
  median: 0.11569221790658317
  min: 0.003165929843943053
  num_samples: 2735
  rmse: 0.1804367943110697
  std: 0.10093803910585739
