rot:
  max: 153.17519284870656
  mean: 87.28281231897003
  median: 88.1157485176793
  min: 40.95870134432275
  num_samples: 2670
  rmse: 88.28949272364515
  std: 13.294555242280401
scale:
  max: 5.5214774050512005
  mean: 1.537936325484912
  median: 1.3392212144368476
  min: 0.0010841495057034578
  num_samples: 2670
  rmse: 1.912731831018124
  std: 1.1372312500735717
trans:
  max: 0.13759506998119284
  mean: 0.06866627436610227
  median: 0.06634853582192166
  min: 0.001137064173395101
  num_samples: 2670
  rmse: 0.07288425028025385
  std: 0.024434743779991594
