rot:
  max: 179.9917992346585
  mean: 168.95181075836584
  median: 171.59102157830893
  min: 135.38261865390137
  num_samples: 2675
  rmse: 169.20778916434963
  std: 9.303846266802141
scale:
  max: 5.767080004347869
  mean: 0.6280256582652214
  median: 0.4379435118938457
  min: 2.6943151765213003e-05
  num_samples: 2675
  rmse: 0.891449968056248
  std: 0.6326664351046456
trans:
  max: 0.09609541065388491
  mean: 0.01906218044837253
  median: 0.01576911396169243
  min: 0.0011075321478129746
  num_samples: 2675
  rmse: 0.022936388823789188
  std: 0.01275583038573836
