rot:
  max: 179.98839174339332
  mean: 168.9577105908652
  median: 171.58307944982766
  min: 135.18201026653352
  num_samples: 2675
  rmse: 169.2127856635141
  std: 9.28756501456614
scale:
  max: 6.714011853262547
  mean: 0.7001771060243689
  median: 0.4549440682403816
  min: 8.667278494911557e-05
  num_samples: 2675
  rmse: 1.0234494046834404
  std: 0.746458775918824
trans:
  max: 0.14470588407307722
  mean: 0.023316118898408674
  median: 0.01722633797489546
  min: 0.0010495374732260076
  num_samples: 2675
  rmse: 0.030786731524442446
  std: 0.02010426416145013
