rot:
  max: 179.98864609392308
  mean: 143.49658642758075
  median: 142.92488980958905
  min: 59.778575829080864
  num_samples: 2666
  rmse: 145.34200022262775
  std: 23.087371274058277
scale:
  max: 17.099564529424782
  mean: 0.37849325691759383
  median: 0.2508775715661882
  min: 0.00012743260819902957
  num_samples: 2666
  rmse: 0.8817148512822187
  std: 0.7963441049191861
trans:
  max: 0.35272361645355754
  mean: 0.012055864385626664
  median: 0.009733993522029505
  min: 0.0004036279415418661
  num_samples: 2666
  rmse: 0.0207868058610962
  std: 0.016933618391303244
