rot:
  max: 151.60428844675326
  mean: 87.8260518322318
  median: 88.18027891057602
  min: 43.38822383614638
  num_samples: 2752
  rmse: 88.8849526861613
  std: 13.679160558428897
scale:
  max: 39.068526319420094
  mean: 14.079502712381721
  median: 14.543448021682998
  min: 0.0021928284876460147
  num_samples: 2752
  rmse: 16.16529087549271
  std: 7.9425583070773635
trans:
  max: 1.1197917726282576
  mean: 0.34894180086651755
  median: 0.3098075465736724
  min: 0.0373402264375661
  num_samples: 2752
  rmse: 0.39962603087961585
  std: 0.19478342887583477
