rot:
  max: 179.98487309207354
  mean: 144.09023810044687
  median: 143.32291618264867
  min: 60.93683258864845
  num_samples: 2655
  rmse: 145.86656223615637
  std: 22.694873049898412
scale:
  max: 1.9301898001305995
  mean: 0.18219309814446788
  median: 0.14397228349045665
  min: 1.877214295120666e-05
  num_samples: 2655
  rmse: 0.24448739616543136
  std: 0.16303300853591843
trans:
  max: 0.0464487320211465
  mean: 0.006657918283657047
  median: 0.005689737489557926
  min: 0.0001484017798279456
  num_samples: 2655
  rmse: 0.007846929821839979
  std: 0.004152882343267958
