rot:
  max: 154.3907082038663
  mean: 85.82625020985077
  median: 88.53274867398528
  min: 30.715282813013662
  num_samples: 2736
  rmse: 87.15125045833526
  std: 15.139195202109402
scale:
  max: 108.25617432220844
  mean: 28.32154575066225
  median: 25.540513855113012
  min: 0.02010942554412365
  num_samples: 2736
  rmse: 34.30208022964186
  std: 19.35259037891133
trans:
  max: 1.4722848637343373
  mean: 0.6667497510502051
  median: 0.6242640818180429
  min: 0.12395242948247087
  num_samples: 2736
  rmse: 0.715459509230935
  std: 0.2594746207694693
