rot:
  max: 179.99719773461047
  mean: 169.03434119961304
  median: 171.6692509165976
  min: 135.84116518839028
  num_samples: 2673
  rmse: 169.28820120034874
  std: 9.267500248860616
scale:
  max: 3.643254706377874
  mean: 0.3612547782817277
  median: 0.24970668444496136
  min: 0.00020124344672911576
  num_samples: 2673
  rmse: 0.5374339078159094
  std: 0.3979072636166607
trans:
  max: 0.09169398202687949
  mean: 0.011590279992081598
  median: 0.008259008886311689
  min: 0.0003944160014792672
  num_samples: 2673
  rmse: 0.016568451967089552
  std: 0.01183972171509558
