rot:
  max: 179.98122652733892
  mean: 144.0923625244126
  median: 143.32390224124032
  min: 60.94950409681324
  num_samples: 2655
  rmse: 145.86904723897285
  std: 22.69735677427982
scale:
  max: 2.2380450498228677
  mean: 0.2050126451322499
  median: 0.16610455310042127
  min: 0.0002883845138690333
  num_samples: 2655
  rmse: 0.2735056026159459
  std: 0.18103902893627574
trans:
  max: 0.05720593677246686
  mean: 0.007361652686819813
  median: 0.006203527927183001
  min: 0.0005270662857966476
  num_samples: 2655
  rmse: 0.008848596718583459
  std: 0.0049095553369693816
