rot:
  max: 179.99323249226438
  mean: 168.99257586414643
  median: 171.6154147513812
  min: 135.28073123434294
  num_samples: 2672
  rmse: 169.2476997000676
  std: 9.289410991281722
scale:
  max: 8.955979499607135
  mean: 0.7519982984705209
  median: 0.48993564574288384
  min: 0.0003080549128120502
  num_samples: 2672
  rmse: 1.2139243858739293
  std: 0.9529485682432357
trans:
  max: 0.23413234215877063
  mean: 0.02360376028398706
  median: 0.015612625356574617
  min: 0.0006597207591904995
  num_samples: 2672
  rmse: 0.03664825323765541
  std: 0.028034924038195526
