rot:
  max: 179.92544836534975
  mean: 144.00007704502147
  median: 143.19225064087487
  min: 60.74898680634613
  num_samples: 2654
  rmse: 145.7834870113869
  std: 22.733299281605497
scale:
  max: 16.463687767654477
  mean: 0.5000187589206764
  median: 0.34121612560132353
  min: 0.00027919477261217907
  num_samples: 2654
  rmse: 0.8215355840614694
  std: 0.6518450403329353
trans:
  max: 0.3199425992304991
  mean: 0.01672785233895108
  median: 0.014316301043481482
  min: 0.0005693787968523796
  num_samples: 2654
  rmse: 0.021399137532107593
  std: 0.013345487748460337
