rot:
  max: 152.3470204468205
  mean: 86.9633259965032
  median: 87.87500559402667
  min: 40.75505701412252
  num_samples: 2738
  rmse: 87.94133814904147
  std: 13.078948240205873
scale:
  max: 9.86832045760706
  mean: 2.029859561515066
  median: 1.4320364936896812
  min: 0.0002792572339926913
  num_samples: 2738
  rmse: 2.7385368384430486
  std: 1.8382747825163468
trans:
  max: 0.23846441352035683
  mean: 0.0783170535341938
  median: 0.0707086172386105
  min: 0.007845915562728331
  num_samples: 2738
  rmse: 0.08778122465118342
  std: 0.0396482348533166
