rot:
  max: 151.773069897133
  mean: 86.99557591536825
  median: 87.91982386731928
  min: 40.67061327182595
  num_samples: 2735
  rmse: 87.98129751344007
  std: 13.133106384319149
scale:
  max: 15.350690606928797
  mean: 3.5046648987873574
  median: 2.367465895135923
  min: 0.0006809717805200677
  num_samples: 2735
  rmse: 4.810743333434271
  std: 3.295538706704879
trans:
  max: 0.27749869838082647
  mean: 0.10625656686973665
  median: 0.09078776704033456
  min: 0.007456690789659821
  num_samples: 2735
  rmse: 0.1162476199526632
  std: 0.04714924327829652
