rot:
  max: 179.99731203019516
  mean: 144.04188220299528
  median: 143.25319318819174
  min: 60.90676372887365
  num_samples: 2654
  rmse: 145.81964765417263
  std: 22.700348310224452
scale:
  max: 9.850639993452504
  mean: 0.369938051250592
  median: 0.24659083452920338
  min: 0.00028824050283260405
  num_samples: 2654
  rmse: 0.642339051924411
  std: 0.5251145549916376
trans:
  max: 0.19969737634582505
  mean: 0.011349718796457305
  median: 0.009393856880461772
  min: 0.0007083972349811176
  num_samples: 2654
  rmse: 0.01537915639985414
  std: 0.010377973540750542
