rot:
  max: 179.99371048170858
  mean: 168.38792215340928
  median: 171.18272076280408
  min: 135.00023443391123
  num_samples: 2735
  rmse: 168.69000090887226
  std: 10.090791816934365
scale:
  max: 38.99609501750155
  mean: 14.761972973013615
  median: 14.973937907429558
  min: 0.0016770806826715834
  num_samples: 2735
  rmse: 16.7795026923271
  std: 7.977209069958497
trans:
  max: 0.9723617517584573
  mean: 0.3377656290348233
  median: 0.3254414546487303
  min: 0.05103253432136036
  num_samples: 2735
  rmse: 0.3748373657380296
  std: 0.16253439819353735
