rot:
  max: 153.97828324475114
  mean: 85.67413421961238
  median: 88.12562933348842
  min: 30.300682184462634
  num_samples: 2752
  rmse: 86.98567089857974
  std: 15.048244661616227
scale:
  max: 106.7952979515074
  mean: 28.00398418292576
  median: 26.189302537598294
  min: 0.019712222397894053
  num_samples: 2752
  rmse: 33.856440473783906
  std: 19.027228685158487
trans:
  max: 1.4619252697833385
  mean: 0.6660488998454188
  median: 0.6140518815376397
  min: 0.03666954193808479
  num_samples: 2752
  rmse: 0.7164102367695583
  std: 0.2638607404729282
