rot:
  max: 179.99999999999824
  mean: 168.95952949127036
  median: 171.62817110826643
  min: 135.63089743098354
  num_samples: 2672
  rmse: 169.21613545585984
  std: 9.315465243585482
scale:
  max: 7.361075592595467
  mean: 0.4977124977235948
  median: 0.3352709910657059
  min: 0.0005104505047759389
  num_samples: 2672
  rmse: 0.7521141830332659
  std: 0.5638776586543732
trans:
  max: 0.2037645622504758
  mean: 0.015338553244926232
  median: 0.012488793358275962
  min: 0.0006494743039112451
  num_samples: 2672
  rmse: 0.019913837533660633
  std: 0.012699988569663912
