rot:
  max: 152.305112182195
  mean: 86.74437246042781
  median: 87.80450514022799
  min: 40.148832169850316
  num_samples: 2751
  rmse: 87.71938672134134
  std: 13.042417460532587
scale:
  max: 23.853218899445604
  mean: 4.645789720608563
  median: 3.162077615467651
  min: 0.000718189930193347
  num_samples: 2751
  rmse: 6.698404752036418
  std: 4.825480711182244
trans:
  max: 0.3501271813664601
  mean: 0.11460224311308712
  median: 0.09445906466104255
  min: 0.008011988234806137
  num_samples: 2751
  rmse: 0.13476896490402837
  std: 0.07091544101782128
