rot:
  max: 154.29658599325668
  mean: 86.02389561602727
  median: 88.64646983603056
  min: 30.395352969407767
  num_samples: 2752
  rmse: 87.37032050486674
  std: 15.279472771204153
scale:
  max: 105.26491940167242
  mean: 27.36558392885889
  median: 25.52971896146127
  min: 0.011583262538139572
  num_samples: 2752
  rmse: 33.3431543172877
  std: 19.049691757586004
trans:
  max: 1.4628314779831022
  mean: 0.6688383322163914
  median: 0.6266275856645631
  min: 0.08859194039814616
  num_samples: 2752
  rmse: 0.7181779720127046
  std: 0.2616006208751757
