rot:
  max: 153.6187159016758
  mean: 87.30267406596195
  median: 88.14829175310052
  min: 40.59143560852204
  num_samples: 2672
  rmse: 88.31694328406059
  std: 13.346369243071262
scale:
  max: 7.3703536724535335
  mean: 1.6643131192037215
  median: 1.4305874250109984
  min: 0.00015272730403692591
  num_samples: 2672
  rmse: 2.0612018349307744
  std: 1.2159830778297724
trans:
  max: 0.26763706533271886
  mean: 0.07507769973685154
  median: 0.07032454111468062
  min: 0.00843816955409422
  num_samples: 2672
  rmse: 0.08047725028098954
  std: 0.028981490903888636
