rot:
  max: 153.48677388931006
  mean: 87.26603119536354
  median: 88.08716910758983
  min: 40.9070930080708
  num_samples: 2672
  rmse: 88.2696537231374
  std: 13.272963791573996
scale:
  max: 11.147399472508624
  mean: 1.5291909376430093
  median: 1.300656005988421
  min: 0.00024058172284346924
  num_samples: 2672
  rmse: 1.9044230226432082
  std: 1.1350780261303577
trans:
  max: 0.2340062141567953
  mean: 0.06841315952003571
  median: 0.06571101382570596
  min: 0.006577343337099382
  num_samples: 2672
  rmse: 0.07239568221821617
  std: 0.023680675841856576
