rot:
  max: 179.99999999999963
  mean: 168.52417050319468
  median: 171.54277745706798
  min: 132.30598390423867
  num_samples: 2735
  rmse: 168.81779621262794
  std: 9.952500906735597
scale:
  max: 45.659090566681805
  mean: 17.405339411486704
  median: 18.453113122972486
  min: 0.03608120526654712
  num_samples: 2735
  rmse: 20.008239108929022
  std: 9.868322664517205
trans:
  max: 1.290879444154525
  mean: 0.43657574029233615
  median: 0.4085162235617432
  min: 0.026589641587521372
  num_samples: 2735
  rmse: 0.49243951949867526
  std: 0.22781199123901458
