rot:
  max: 149.5518433240756
  mean: 86.55138024957112
  median: 87.77521080506332
  min: 39.00096246030293
  num_samples: 2738
  rmse: 87.55588139726078
  std: 13.224633989087618
scale:
  max: 10.725418732874337
  mean: 3.6731090450867994
  median: 3.385818170431487
  min: 0.0009403246371775253
  num_samples: 2738
  rmse: 4.357580594597199
  std: 2.3445209705420873
trans:
  max: 0.23426509821591332
  mean: 0.09915283432894416
  median: 0.0964631316879345
  min: 0.002638622930554372
  num_samples: 2738
  rmse: 0.10644994751774794
  std: 0.03873379365706699
