rot:
  max: 151.94229900073498
  mean: 86.93582937475281
  median: 88.02746794029873
  min: 39.984957767795464
  num_samples: 2735
  rmse: 87.91696357040824
  std: 13.09786449633526
scale:
  max: 19.633957907063014
  mean: 3.853344215864116
  median: 2.4920869046200056
  min: 0.0028221606392708765
  num_samples: 2735
  rmse: 5.488441767398052
  std: 3.908290084958639
trans:
  max: 0.3901501096542227
  mean: 0.12211941321305475
  median: 0.10338120963662645
  min: 0.007325088361498556
  num_samples: 2735
  rmse: 0.1386161441364783
  std: 0.06558417744977925
