rot:
  max: 179.99743427068756
  mean: 167.58525543164293
  median: 170.71834754378128
  min: 131.59499523794076
  num_samples: 2735
  rmse: 167.92354788120397
  std: 10.65364233124148
scale:
  max: 42.545851299737414
  mean: 14.457095483119287
  median: 14.696385420808355
  min: 4.3988578335429906e-07
  num_samples: 2735
  rmse: 16.32108368213289
  std: 7.5743093910373505
trans:
  max: 0.9966658617702933
  mean: 0.31225445982311234
  median: 0.3017839972319475
  min: 0.036066583912260614
  num_samples: 2735
  rmse: 0.34439995166399623
  std: 0.14528757354550034
