rot:
  max: 153.27712469905276
  mean: 86.233893754784
  median: 88.50550370288175
  min: 35.017701122440116
  num_samples: 2735
  rmse: 87.30421630645777
  std: 13.628710605681164
scale:
  max: 98.85618159505518
  mean: 23.45951110576559
  median: 19.16600361972697
  min: 0.003959555010191185
  num_samples: 2735
  rmse: 29.978439602842187
  std: 18.664355860830494
trans:
  max: 1.3019783692130003
  mean: 0.48886469910165137
  median: 0.41187978865586344
  min: 0.023448736968215887
  num_samples: 2735
  rmse: 0.5529989015572004
  std: 0.25849388986148636
