rot:
  max: 149.54383084365273
  mean: 87.6958814465041
  median: 88.36213998334433
  min: 43.06133803249545
  num_samples: 2735
  rmse: 88.75182876312395
  std: 13.649889601003654
scale:
  max: 25.982761700162193
  mean: 10.943722582640822
  median: 10.944519334020274
  min: 0.016577313786669823
  num_samples: 2735
  rmse: 12.170973272703742
  std: 5.3261173887801085
trans:
  max: 0.5169205062614043
  mean: 0.2304348701536887
  median: 0.22642996554572287
  min: 0.04494514982365079
  num_samples: 2735
  rmse: 0.2483300546582975
  std: 0.09256125897936794
