rot:
  max: 179.96518421445796
  mean: 141.9872728444446
  median: 142.2485446222968
  min: 64.92648842159963
  num_samples: 2617
  rmse: 143.68321990688113
  std: 22.01095256926419
scale:
  max: 3.1045028926869
  mean: 0.30595017584201445
  median: 0.23426143796838605
  min: 9.948930812520018e-06
  num_samples: 2617
  rmse: 0.41382242277511205
  std: 0.27864581011331224
trans:
  max: 0.09890580681277017
  mean: 0.010695212953188513
  median: 0.00936434780312646
  min: 0.0003821016585806188
  num_samples: 2617
  rmse: 0.012905406859671783
  std: 0.007222322763461376
