rot:
  max: 151.35703264423734
  mean: 86.78560127164556
  median: 88.05840934527987
  min: 39.6335534755308
  num_samples: 2735
  rmse: 87.7741504034277
  std: 13.136243411360342
scale:
  max: 36.63850102456709
  mean: 6.789909153452255
  median: 4.619416448997282
  min: 0.007762258038390701
  num_samples: 2735
  rmse: 9.87820772507456
  std: 7.1746861636999775
trans:
  max: 0.46572230543902904
  mean: 0.1509973642028808
  median: 0.12145521823267104
  min: 0.007407336045430304
  num_samples: 2735
  rmse: 0.18099892972198892
  std: 0.09980184649738738
