rot:
  max: 151.92318859150512
  mean: 86.8863296655259
  median: 87.53437262716184
  min: 42.12429743929875
  num_samples: 2735
  rmse: 87.93305733874494
  std: 13.527316444607592
scale:
  max: 43.76464102526329
  mean: 16.091046436701536
  median: 16.344821017585907
  min: 0.010686560073713824
  num_samples: 2735
  rmse: 18.39401705551643
  std: 8.911682669986867
trans:
  max: 1.2350838347948314
  mean: 0.4184397796466544
  median: 0.402216406143787
  min: 0.012456671403573635
  num_samples: 2735
  rmse: 0.4766752194652131
  std: 0.22831429140872542
