rot:
  max: 179.9980758506299
  mean: 169.01656485450266
  median: 171.64105179391441
  min: 135.54861408613107
  num_samples: 2670
  rmse: 169.27045052448742
  std: 9.267482157882386
scale:
  max: 3.8671527725145927
  mean: 0.3355831785927156
  median: 0.2296157541639754
  min: 3.423785389644607e-05
  num_samples: 2670
  rmse: 0.5040074980674657
  std: 0.37604187047965265
trans:
  max: 0.07890832921779437
  mean: 0.010579168515646208
  median: 0.00824612575272545
  min: 0.0004494082009666929
  num_samples: 2670
  rmse: 0.0136263681023105
  std: 0.008588311893336455
