rot:
  max: 147.98379109476903
  mean: 87.83531014017863
  median: 88.13167973891976
  min: 41.00783599928164
  num_samples: 2751
  rmse: 88.97587270614541
  std: 14.200852664499905
scale:
  max: 31.02966502032871
  mean: 10.60557439861439
  median: 10.138486261393853
  min: 0.002763449454579181
  num_samples: 2751
  rmse: 12.388363239760277
  std: 6.402603801243554
trans:
  max: 0.803501547189482
  mean: 0.25901407203523086
  median: 0.23742061678684837
  min: 0.005505255582793649
  num_samples: 2751
  rmse: 0.29292751056149
  std: 0.13681460788775499
