rot:
  max: 179.9930315946934
  mean: 143.48506955966613
  median: 142.93296034325698
  min: 59.799169519672816
  num_samples: 2666
  rmse: 145.33099937190872
  std: 23.089698826435225
scale:
  max: 19.109829899155972
  mean: 0.38487552990914514
  median: 0.2607805698259802
  min: 6.43251646392784e-05
  num_samples: 2666
  rmse: 0.9442121447319992
  std: 0.8622107635239522
trans:
  max: 0.39577217986105906
  mean: 0.012170289651621754
  median: 0.009599151465868969
  min: 0.0006158482160162057
  num_samples: 2666
  rmse: 0.02226340547242609
  std: 0.018642512519112902
