rot:
  max: 179.99427963585543
  mean: 143.56652049392906
  median: 142.9212647258419
  min: 59.87857615486403
  num_samples: 2665
  rmse: 145.41773835367204
  std: 23.129479483189044
scale:
  max: 25.820404064451395
  mean: 0.4799865411652569
  median: 0.2424164684113883
  min: 8.075086732617365e-06
  num_samples: 2665
  rmse: 1.783414058731613
  std: 1.7176084027454552
trans:
  max: 0.5635502532672853
  mean: 0.013337261788741926
  median: 0.007575754946332169
  min: 0.0004952184028314842
  num_samples: 2665
  rmse: 0.040350562945603526
  std: 0.038082612541758216
