rot:
  max: 179.97111634332666
  mean: 144.04518335134946
  median: 143.25719336881815
  min: 60.88201425626518
  num_samples: 2654
  rmse: 145.8249686165004
  std: 22.71357799377782
scale:
  max: 14.5784786125836
  mean: 0.45387699626934186
  median: 0.3224300321361506
  min: 4.259703980658003e-05
  num_samples: 2654
  rmse: 0.7692740134510924
  std: 0.6211104410881141
trans:
  max: 0.30874810297409533
  mean: 0.014661113155262362
  median: 0.012096275750596346
  min: 0.0007020300729698582
  num_samples: 2654
  rmse: 0.019605770859923575
  std: 0.0130168357161186
