rot:
  max: 152.54338883707396
  mean: 87.8349900030334
  median: 88.45382229295119
  min: 42.3432737810418
  num_samples: 2751
  rmse: 88.83604471534643
  std: 13.298773320650104
scale:
  max: 18.933211165811414
  mean: 6.994293528094821
  median: 6.873145459182295
  min: 0.028097518288350276
  num_samples: 2751
  rmse: 7.800047151888489
  std: 3.4526212671729137
trans:
  max: 0.4946426758178209
  mean: 0.16113070484279138
  median: 0.15364162552711863
  min: 0.016531438317341954
  num_samples: 2751
  rmse: 0.17706216032069821
  std: 0.07340234719883179
