rot:
  max: 179.9992283673165
  mean: 167.77297080402423
  median: 170.70102777071
  min: 115.4111494275463
  num_samples: 2676
  rmse: 168.14331305304293
  std: 11.15365375317111
scale:
  max: 62.84059799556252
  mean: 4.387914809914925
  median: 2.895670854196047
  min: 0.01088893550817982
  num_samples: 2676
  rmse: 7.797212760503525
  std: 6.445365036480746
trans:
  max: 1.7522994631038913
  mean: 0.19384504954789486
  median: 0.11056938291611704
  min: 0.007152664703514531
  num_samples: 2676
  rmse: 0.35216581769467187
  std: 0.2940150675022134
