rot:
  max: 152.01950722678637
  mean: 86.86082993639495
  median: 87.9258515740118
  min: 40.28954887898089
  num_samples: 2751
  rmse: 87.83806957010788
  std: 13.06608926051665
scale:
  max: 21.371852245911583
  mean: 3.948294606219608
  median: 2.415124905397492
  min: 0.004499509469058083
  num_samples: 2751
  rmse: 5.907123607996374
  std: 4.393754547382593
trans:
  max: 0.36514282318156205
  mean: 0.11133747329865563
  median: 0.08906116618902134
  min: 0.011948332729159893
  num_samples: 2751
  rmse: 0.12977854150591603
  std: 0.06668160822051254
