rot:
  max: 154.09569491813414
  mean: 90.111540690696
  median: 90.17095401246308
  min: 45.09324282841275
  num_samples: 2752
  rmse: 91.28740785860768
  std: 14.604830293187845
scale:
  max: 43.646108734058274
  mean: 17.565438786429777
  median: 16.781087780561734
  min: 0.0005483843912079678
  num_samples: 2752
  rmse: 20.694338582897828
  std: 10.94125265332089
trans:
  max: 2.031020933802505
  mean: 0.8355570423311773
  median: 0.8461042614633124
  min: 0.05693125990641399
  num_samples: 2752
  rmse: 0.9332330170462714
  std: 0.41565405461280425
