rot:
  max: 153.43521158815753
  mean: 87.24018483599943
  median: 88.053143169402
  min: 41.190232983960996
  num_samples: 2671
  rmse: 88.23487297415211
  std: 13.211470718486023
scale:
  max: 5.0894553458112
  mean: 1.4913729087902965
  median: 1.2539435895720819
  min: 0.0005237286569981237
  num_samples: 2671
  rmse: 1.8589188010105535
  std: 1.109678311798909
trans:
  max: 0.13615117990003398
  mean: 0.06881835169314794
  median: 0.06616528378652059
  min: 0.006940505217384656
  num_samples: 2671
  rmse: 0.07278607278681685
  std: 0.02370330909316265
