rot:
  max: 151.97433562663963
  mean: 87.45866638765357
  median: 87.99251159466057
  min: 42.37447659335544
  num_samples: 2738
  rmse: 88.45071827366647
  std: 13.210270126709508
scale:
  max: 9.753782600653638
  mean: 3.708415682523173
  median: 3.6237241471006545
  min: 0.00043409443419850646
  num_samples: 2738
  rmse: 4.206763164577975
  std: 1.9860789129504313
trans:
  max: 0.20741312611092008
  mean: 0.08963268754447451
  median: 0.08907354049211345
  min: 0.008477954355084295
  num_samples: 2738
  rmse: 0.09455004372981574
  std: 0.030094718687249625
