rot:
  max: 153.45053013679137
  mean: 87.21654245620951
  median: 88.06688874275983
  min: 41.15303783421058
  num_samples: 2671
  rmse: 88.21184835904985
  std: 13.213815228926798
scale:
  max: 5.251191114114029
  mean: 1.489600376013434
  median: 1.2825448920380733
  min: 0.0007798059482366781
  num_samples: 2671
  rmse: 1.8465188814420197
  std: 1.0912024098683604
trans:
  max: 0.137332775651571
  mean: 0.06768609108233903
  median: 0.06466604811526425
  min: 0.0055124424753045164
  num_samples: 2671
  rmse: 0.07155191822895914
  std: 0.023200648185707166
