rot:
  max: 150.91617479516793
  mean: 87.08628232757142
  median: 87.9150748323334
  min: 41.30079439589927
  num_samples: 2738
  rmse: 88.08405074061267
  std: 13.22041698424634
scale:
  max: 10.406603905009415
  mean: 3.7929518947390766
  median: 3.716435348942093
  min: 2.559426690584843e-05
  num_samples: 2738
  rmse: 4.347745649410439
  std: 2.125184264049276
trans:
  max: 0.2772475067945348
  mean: 0.09792331791735957
  median: 0.09526901209354385
  min: 0.005820104393519349
  num_samples: 2738
  rmse: 0.10582854473657317
  std: 0.04013358555021655
