rot:
  max: 153.77745706518178
  mean: 87.28735780376047
  median: 88.07077390644793
  min: 40.886023711091894
  num_samples: 2676
  rmse: 88.29633659130712
  std: 13.310154885789208
scale:
  max: 5.3548870020217905
  mean: 1.5337363230657701
  median: 1.3179137320351753
  min: 9.92815937239655e-05
  num_samples: 2676
  rmse: 1.9088568481356358
  std: 1.136392255333958
trans:
  max: 0.18021765948009574
  mean: 0.07137907937871663
  median: 0.06896445473728625
  min: 0.004060066654065121
  num_samples: 2676
  rmse: 0.0757309230805913
  std: 0.025302168636014415
