rot:
  max: 153.49551122696977
  mean: 87.22979621486672
  median: 88.02976147457552
  min: 40.96522273766985
  num_samples: 2673
  rmse: 88.23046006049398
  std: 13.250537151347206
scale:
  max: 13.955660716866836
  mean: 1.6547069477650656
  median: 1.4082770826458813
  min: 0.00042087064910933947
  num_samples: 2673
  rmse: 2.1335996257642162
  std: 1.3469195521927892
trans:
  max: 0.3042053533053986
  mean: 0.0712819030541551
  median: 0.06822785747758642
  min: 0.006254278247360997
  num_samples: 2673
  rmse: 0.07683540901554659
  std: 0.028680487714897274
