rot:
  max: 179.99938018043758
  mean: 167.56038970424447
  median: 170.98215857047353
  min: 131.74504261376785
  num_samples: 2735
  rmse: 167.92645867392739
  std: 11.082027112757997
scale:
  max: 69.78541382266266
  mean: 19.877518478380743
  median: 18.67169778383735
  min: 0.0020052164817263574
  num_samples: 2735
  rmse: 23.428188682745358
  std: 12.400172744601152
trans:
  max: 1.3446004557412587
  mean: 0.5636899005511216
  median: 0.5211009451820793
  min: 0.06274273394664973
  num_samples: 2735
  rmse: 0.6240129356894583
  std: 0.26766740542031353
