rot:
  max: 151.68102813211357
  mean: 86.88743418254991
  median: 87.91118730092403
  min: 40.313351668328366
  num_samples: 2735
  rmse: 87.87588704419764
  std: 13.143260819812825
scale:
  max: 24.752562252345676
  mean: 4.595426724248337
  median: 2.8571258083384343
  min: 0.001933271411624915
  num_samples: 2735
  rmse: 6.804030626080439
  std: 5.017657419822999
trans:
  max: 0.3592549756588949
  mean: 0.12288910652261556
  median: 0.09907559502184088
  min: 0.005629524560058846
  num_samples: 2735
  rmse: 0.1460857748180631
  std: 0.07898937335026206
