rot:
  max: 152.94141544016793
  mean: 87.85206858889094
  median: 88.28120452444809
  min: 42.892558139647484
  num_samples: 2751
  rmse: 88.86151236827551
  std: 13.355988358410455
scale:
  max: 23.756178078216518
  mean: 7.899375180657234
  median: 7.842130216733123
  min: 0.01663331972354687
  num_samples: 2751
  rmse: 9.025804094902362
  std: 4.366349884602985
trans:
  max: 0.6462936701174162
  mean: 0.19482804594811517
  median: 0.17414000876730967
  min: 0.007782659907679039
  num_samples: 2751
  rmse: 0.219392264206352
  std: 0.10087119561911079
