rot:
  max: 153.62108136943854
  mean: 87.29231890338345
  median: 88.10890802134125
  min: 41.07569668625498
  num_samples: 2673
  rmse: 88.29431850207267
  std: 13.264152449948028
scale:
  max: 11.737966209416184
  mean: 1.5320631957969122
  median: 1.2915123556543118
  min: 0.0016821838808578349
  num_samples: 2673
  rmse: 1.9224686418732304
  std: 1.1613216794111996
trans:
  max: 0.2416156313344569
  mean: 0.06845352399695884
  median: 0.06571221214474028
  min: 0.005097516851216931
  num_samples: 2673
  rmse: 0.07249935619549434
  std: 0.023880362249324143
