rot:
  max: 152.23947892942033
  mean: 86.90016304566589
  median: 88.0087471100202
  min: 40.092903533089675
  num_samples: 2751
  rmse: 87.8781740804528
  std: 13.074216701242845
scale:
  max: 27.471631385888664
  mean: 5.0669842352665215
  median: 3.2993008852202466
  min: 0.0008044619831837352
  num_samples: 2751
  rmse: 7.54278722786363
  std: 5.58742426565079
trans:
  max: 0.3633938280863115
  mean: 0.12182510184006771
  median: 0.10204469982336506
  min: 0.011334386655986167
  num_samples: 2751
  rmse: 0.14346314947028208
  std: 0.07576489832098769
