rot:
  max: 179.96953660129913
  mean: 144.0947225505539
  median: 143.29107017022477
  min: 60.96903589582269
  num_samples: 2654
  rmse: 145.86910639498095
  std: 22.682749691100117
scale:
  max: 6.293178923608411
  mean: 0.3488352284871754
  median: 0.24398723060817806
  min: 8.02705515501323e-05
  num_samples: 2654
  rmse: 0.5258901930235266
  std: 0.3935409489298695
trans:
  max: 0.1265701276385777
  mean: 0.01156946719903378
  median: 0.00962157262213135
  min: 0.0005035872310986507
  num_samples: 2654
  rmse: 0.014140116276911672
  std: 0.008129595134756971
