rot:
  max: 179.99114404441048
  mean: 168.43837840995076
  median: 171.27491044489835
  min: 135.95989488986703
  num_samples: 2735
  rmse: 168.73819928089134
  std: 10.054480353753652
scale:
  max: 37.18893746504607
  mean: 13.68675823069323
  median: 13.965789307026
  min: 0.006650449288736482
  num_samples: 2735
  rmse: 15.669198929793534
  std: 7.628659399658218
trans:
  max: 0.8784560924667081
  mean: 0.3035992002807925
  median: 0.29334251777010695
  min: 0.028363733260335904
  num_samples: 2735
  rmse: 0.33569060919116006
  std: 0.14323306422748644
