rot:
  max: 151.84915296672187
  mean: 87.00516073152575
  median: 88.02325952213883
  min: 40.943674755438934
  num_samples: 2735
  rmse: 87.99001143021489
  std: 13.127989852628124
scale:
  max: 17.00100532500248
  mean: 3.451822340939666
  median: 2.3354303720502068
  min: 0.0008916606338837951
  num_samples: 2735
  rmse: 4.870975788077156
  std: 3.436761215828602
trans:
  max: 0.26779281506889996
  mean: 0.10552999260559594
  median: 0.09564071045824238
  min: 0.015025775370514702
  num_samples: 2735
  rmse: 0.11616537535535429
  std: 0.04855733819015628
