rot:
  max: 179.9783242139022
  mean: 144.00962771636895
  median: 143.1990696876943
  min: 60.893529847769614
  num_samples: 2652
  rmse: 145.7876721259687
  std: 22.699613849177062
scale:
  max: 24.854955950039546
  mean: 0.6399982089229476
  median: 0.42184095977991776
  min: 5.414815245075033e-05
  num_samples: 2652
  rmse: 1.4007110947961356
  std: 1.2459509876638033
trans:
  max: 0.5990216397881516
  mean: 0.020118621912040058
  median: 0.0162189631771243
  min: 0.00027039020339409726
  num_samples: 2652
  rmse: 0.03470698808651194
  std: 0.0282810196845457
