rot:
  max: 153.37784840751644
  mean: 87.24038836044929
  median: 88.05089501715122
  min: 41.16726578071607
  num_samples: 2671
  rmse: 88.2380086854728
  std: 13.231054965328884
scale:
  max: 15.952561397428022
  mean: 1.535790600367357
  median: 1.2785861865048265
  min: 0.00037870099690584524
  num_samples: 2671
  rmse: 1.9873983667542001
  std: 1.2613879260562686
trans:
  max: 0.3318749400234477
  mean: 0.0686869921236931
  median: 0.0655476431513514
  min: 0.004498088471311633
  num_samples: 2671
  rmse: 0.07314925774814135
  std: 0.025157722911737054
