rot:
  max: 179.9834751670262
  mean: 143.47006311242592
  median: 142.82324580718466
  min: 59.81334507433871
  num_samples: 2665
  rmse: 145.3148503098051
  std: 23.081306528826413
scale:
  max: 6.17804035326206
  mean: 0.28944889095854487
  median: 0.20484465082575287
  min: 3.4494192591161266e-05
  num_samples: 2665
  rmse: 0.46002742145239084
  std: 0.35755358760751293
trans:
  max: 0.1329238163299784
  mean: 0.009743694020228354
  median: 0.008115065646685819
  min: 0.0006889204604160008
  num_samples: 2665
  rmse: 0.012586119187550588
  std: 0.007966857789831278
