rot:
  max: 152.26755746588665
  mean: 87.02953163838116
  median: 87.65302887890135
  min: 41.44918410232327
  num_samples: 2734
  rmse: 88.01126672177925
  std: 13.108916537081324
scale:
  max: 7.377938608121459
  mean: 2.866113727928287
  median: 2.908244216970979
  min: 0.0032443526529091216
  num_samples: 2734
  rmse: 3.3670673713174444
  std: 1.7670695463313237
trans:
  max: 0.24189074609091918
  mean: 0.08973367685894244
  median: 0.08504396172501094
  min: 0.012620028845353957
  num_samples: 2734
  rmse: 0.09540052936938742
  std: 0.032390249170610626
