rot:
  max: 153.57684277523055
  mean: 87.30187760621764
  median: 88.11162161734225
  min: 40.74797967012877
  num_samples: 2677
  rmse: 88.31414271296966
  std: 13.333040521792336
scale:
  max: 12.953002360599475
  mean: 1.6149286320312535
  median: 1.3900247884535366
  min: 0.0016609388556521054
  num_samples: 2677
  rmse: 2.0308041401306607
  std: 1.2313289442782944
trans:
  max: 0.2636859142697451
  mean: 0.06983550570368188
  median: 0.0667066116008938
  min: 0.006549739250827288
  num_samples: 2677
  rmse: 0.07413745517861743
  std: 0.02488703283785622
