rot:
  max: 179.99397619333496
  mean: 143.98124958726078
  median: 143.1406900510994
  min: 60.78113827873123
  num_samples: 2654
  rmse: 145.76644331077844
  std: 22.74325752317201
scale:
  max: 23.516405067915535
  mean: 0.6193831504197935
  median: 0.4174286520009618
  min: 0.0002079947719835218
  num_samples: 2654
  rmse: 1.2605154206048104
  std: 1.0978449975103817
trans:
  max: 0.5002923553821742
  mean: 0.020461428329441724
  median: 0.016057416349706796
  min: 0.0002799671957648125
  num_samples: 2654
  rmse: 0.03270556408952849
  std: 0.025514385611520727
