rot:
  max: 160.61186133211632
  mean: 91.59070167028688
  median: 89.87452169387936
  min: 44.12063819223717
  num_samples: 2738
  rmse: 92.6537683541461
  std: 13.995147650820579
scale:
  max: 19.123888430071425
  mean: 5.9988058944322145
  median: 5.5093296230413475
  min: 0.02111947875373943
  num_samples: 2738
  rmse: 6.950599549344592
  std: 3.510720999492062
trans:
  max: 0.32135718448793865
  mean: 0.12541483400882378
  median: 0.11770418743584277
  min: 0.027715857395258562
  num_samples: 2738
  rmse: 0.13612996621718254
  std: 0.0529385220121455
