rot:
  max: 151.93684914233427
  mean: 87.4963649319594
  median: 87.96489715035926
  min: 42.39464975394156
  num_samples: 2735
  rmse: 88.52375942252816
  std: 13.447754682140516
scale:
  max: 35.19617142825169
  mean: 14.143953852508504
  median: 13.754436861632492
  min: 0.002870996936032988
  num_samples: 2735
  rmse: 15.91827829840306
  std: 7.30343435676119
trans:
  max: 0.8550030118411014
  mean: 0.32266357547877467
  median: 0.31029896124634815
  min: 0.03982944788095993
  num_samples: 2735
  rmse: 0.3576541669494748
  std: 0.15428778368871526
