rot:
  max: 155.35190518988114
  mean: 87.66327297644109
  median: 89.92128862955931
  min: 29.063325458946444
  num_samples: 2675
  rmse: 88.70433436338301
  std: 13.550258518153724
scale:
  max: 60.725618606491324
  mean: 9.298143808113702
  median: 8.263929208238064
  min: 0.012022657153731853
  num_samples: 2675
  rmse: 11.274979723784567
  std: 6.377279160848309
trans:
  max: 1.9743545034254537
  mean: 0.46157533297403164
  median: 0.3973292889660003
  min: 0.035267992713996756
  num_samples: 2675
  rmse: 0.5720458828170331
  std: 0.33791227269489654
