rot:
  max: 179.99933288684247
  mean: 144.06623882179542
  median: 143.27445818159987
  min: 60.89875686071438
  num_samples: 2655
  rmse: 145.84454273656587
  std: 22.705714650267357
scale:
  max: 36.69573432400344
  mean: 0.5198203842805859
  median: 0.3357258666337848
  min: 0.0003449594512039411
  num_samples: 2655
  rmse: 1.4678637818107556
  std: 1.3727384492459442
trans:
  max: 0.7445667490084984
  mean: 0.01600454217552327
  median: 0.012793417333071959
  min: 0.0009154016687558248
  num_samples: 2655
  rmse: 0.03261092487407224
  std: 0.028413501207951854
