rot:
  max: 151.99619967069805
  mean: 86.42854663673343
  median: 88.30172532370051
  min: 36.929420979400874
  num_samples: 2735
  rmse: 87.43243871688536
  std: 13.211270425054147
scale:
  max: 76.65974567969246
  mean: 16.638823954263966
  median: 13.690946817792305
  min: 0.011996661376945106
  num_samples: 2735
  rmse: 22.359683011500355
  std: 14.936698490422478
trans:
  max: 0.9620498857889318
  mean: 0.3311429362937645
  median: 0.2774912826486312
  min: 0.04077599071628323
  num_samples: 2735
  rmse: 0.39495329292334735
  std: 0.21524976035698493
