rot:
  max: 179.98360749705054
  mean: 141.99028116827438
  median: 142.28956802234651
  min: 64.8931689469952
  num_samples: 2617
  rmse: 143.68537079174192
  std: 22.005586411517474
scale:
  max: 2.8888053948853853
  mean: 0.32412889066133127
  median: 0.23305406518903116
  min: 8.220961071891963e-05
  num_samples: 2617
  rmse: 0.45583416534153903
  std: 0.32050779792584205
trans:
  max: 0.07590493339925568
  mean: 0.01081507314803681
  median: 0.009034938321626116
  min: 0.00026163219754944835
  num_samples: 2617
  rmse: 0.013122277315331901
  std: 0.00743157821348114
