rot:
  max: 162.72544097361688
  mean: 90.29652456636778
  median: 88.02629352885415
  min: 40.65644636446605
  num_samples: 2678
  rmse: 91.35522477961487
  std: 13.867759219472509
scale:
  max: 85.3289862258882
  mean: 21.252032277048045
  median: 20.48195966944825
  min: 0.00999766859772766
  num_samples: 2678
  rmse: 25.401182424952776
  std: 13.91298647598848
trans:
  max: 2.00461671656245
  mean: 0.8392004158956906
  median: 0.8674671699757046
  min: 0.055155762920373004
  num_samples: 2678
  rmse: 0.9216171602802596
  std: 0.38094730880208705
