rot:
  max: 179.93587093098174
  mean: 139.84119834629396
  median: 141.74839721777923
  min: 53.126615786388236
  num_samples: 2609
  rmse: 142.01946516166305
  std: 24.77837222008962
scale:
  max: 26.466503540001995
  mean: 10.116909892964198
  median: 9.051408845871867
  min: 0.013803165657955141
  num_samples: 2609
  rmse: 12.07958874780007
  std: 6.600348364565386
trans:
  max: 1.5146036230665054
  mean: 0.5964762171504058
  median: 0.5543608180337127
  min: 0.024629690238021137
  num_samples: 2609
  rmse: 0.6582316491456989
  std: 0.27836132330302127
