rot:
  max: 179.98016391189162
  mean: 144.05934271181525
  median: 143.27267409957312
  min: 60.93706797142318
  num_samples: 2654
  rmse: 145.83720838156026
  std: 22.70235948015765
scale:
  max: 5.087547389426295
  mean: 0.35149727020963883
  median: 0.25080246937436157
  min: 0.00069654907081107
  num_samples: 2654
  rmse: 0.5071638634931442
  std: 0.3656020424839889
trans:
  max: 0.11547844108749429
  mean: 0.01179249873684425
  median: 0.010143491823431357
  min: 0.0002672987412264224
  num_samples: 2654
  rmse: 0.014132715128042851
  std: 0.007789134125943505
