rot:
  max: 179.99661096212444
  mean: 143.48142653138493
  median: 142.86132207513234
  min: 59.783821850479335
  num_samples: 2665
  rmse: 145.32668189371455
  std: 23.08516213405679
scale:
  max: 20.05657071185648
  mean: 0.34611028218918455
  median: 0.2035484667219034
  min: 2.1660233107123616e-05
  num_samples: 2665
  rmse: 0.9464764825877094
  std: 0.8809230412780271
trans:
  max: 0.42902988636225287
  mean: 0.010935267249225162
  median: 0.008078455712889484
  min: 0.0004578996148546762
  num_samples: 2665
  rmse: 0.021852525422070702
  std: 0.01891964052275489
