rot:
  max: 152.1397665850118
  mean: 87.01283693640603
  median: 87.80753885063572
  min: 41.217573796043716
  num_samples: 2738
  rmse: 87.99350983121737
  std: 13.10053360344336
scale:
  max: 4.9740529720844755
  mean: 1.516103473910193
  median: 1.3996868056546985
  min: 0.0015723599124606302
  num_samples: 2738
  rmse: 1.8443553804467574
  std: 1.0502747382377404
trans:
  max: 0.19182925545764495
  mean: 0.06900338792076867
  median: 0.06347914653207867
  min: 0.002581326527367106
  num_samples: 2738
  rmse: 0.07659761152458319
  std: 0.03325246677656978
