rot:
  max: 151.67796207317943
  mean: 86.9540538631973
  median: 87.95607035199662
  min: 40.138277797456134
  num_samples: 2735
  rmse: 87.93867706199214
  std: 13.122630840250627
scale:
  max: 21.173918542284518
  mean: 4.641676413346205
  median: 3.4825494056004658
  min: 0.004578873018079577
  num_samples: 2735
  rmse: 6.254938107395008
  std: 4.192742634735376
trans:
  max: 0.40904449339424026
  mean: 0.1375068528933127
  median: 0.11655600867606629
  min: 0.018628508689513365
  num_samples: 2735
  rmse: 0.1538599040507592
  std: 0.06902706340186954
