rot:
  max: 179.99999999997874
  mean: 168.97528837924006
  median: 171.5631689187231
  min: 135.18440013302873
  num_samples: 2675
  rmse: 169.23054292044355
  std: 9.29131714563249
scale:
  max: 19.87856217258923
  mean: 1.2187155841473947
  median: 0.798613430984485
  min: 0.00037105628005740243
  num_samples: 2675
  rmse: 2.1200923767275617
  std: 1.7347979740634332
trans:
  max: 0.47426559010760355
  mean: 0.04058260711221724
  median: 0.023303470046347412
  min: 0.0016497870707264484
  num_samples: 2675
  rmse: 0.07060458934502399
  std: 0.05777594686852731
