rot:
  max: 151.73246105585616
  mean: 86.91672101550701
  median: 88.03002690008381
  min: 39.99955802501845
  num_samples: 2735
  rmse: 87.90032081382839
  std: 13.112970948129227
scale:
  max: 28.455718101725004
  mean: 5.014876327963324
  median: 3.16006432364071
  min: 0.0017467274868732119
  num_samples: 2735
  rmse: 7.658784645877603
  std: 5.788609303378806
trans:
  max: 0.4650657680724473
  mean: 0.14093929360465257
  median: 0.11541364902062054
  min: 0.014845202070642905
  num_samples: 2735
  rmse: 0.16813284794900235
  std: 0.0916775331128835
