rot:
  max: 179.99326949016495
  mean: 168.96302047314043
  median: 171.5282339474124
  min: 135.24742353733456
  num_samples: 2675
  rmse: 169.21827548242757
  std: 9.290988636298303
scale:
  max: 6.060618887398528
  mean: 0.6074794063056946
  median: 0.42515351575524996
  min: 0.00011917722775312001
  num_samples: 2675
  rmse: 0.8728138782200956
  std: 0.626715914053636
trans:
  max: 0.13256115129032847
  mean: 0.019012706963792914
  median: 0.015952280846482418
  min: 0.0007695184687978927
  num_samples: 2675
  rmse: 0.023072948084563158
  std: 0.013072027662986587
