rot:
  max: 159.1743171566597
  mean: 84.76223777596417
  median: 86.22161356230819
  min: 19.203520483356932
  num_samples: 2752
  rmse: 87.28353376530677
  std: 20.82734533660844
scale:
  max: 46.24521528321643
  mean: 17.945574914386494
  median: 16.85188368337548
  min: 0.040348054153560575
  num_samples: 2752
  rmse: 20.54895870405795
  std: 10.010796412534825
trans:
  max: 2.0237376768498017
  mean: 0.8488506032270381
  median: 0.8773303148651925
  min: 0.0397308244292211
  num_samples: 2752
  rmse: 0.9490678637366429
  std: 0.4244790493990599
