rot:
  max: 152.06426896212815
  mean: 87.64441841323953
  median: 88.28587773251417
  min: 42.92189234768244
  num_samples: 2734
  rmse: 88.65375693314972
  std: 13.339585427104115
scale:
  max: 19.165732213847487
  mean: 9.684088794544778
  median: 10.290364821426879
  min: 0.00098815195141988
  num_samples: 2734
  rmse: 10.668343690480796
  std: 4.4757101467358185
trans:
  max: 0.3554446835420049
  mean: 0.20136817200639623
  median: 0.2007373533857652
  min: 0.04741220321004845
  num_samples: 2734
  rmse: 0.21080320544612982
  std: 0.06236065048703148
