rot:
  max: 151.6467080559419
  mean: 87.84984920392723
  median: 88.39744266813312
  min: 42.34385223105962
  num_samples: 2751
  rmse: 88.86796734398081
  std: 13.413411747130683
scale:
  max: 22.50322749524284
  mean: 7.307648410015523
  median: 6.449672132041218
  min: 0.0031297814167108307
  num_samples: 2751
  rmse: 8.705544176034124
  std: 4.731255025516933
trans:
  max: 0.5820916346434549
  mean: 0.18137940351547774
  median: 0.1669592213390877
  min: 0.008604599193712302
  num_samples: 2751
  rmse: 0.2048024400988377
  std: 0.09510810402277756
