rot:
  max: 151.07370679177563
  mean: 84.1131771468978
  median: 86.02691494145583
  min: 35.911333011609585
  num_samples: 2751
  rmse: 85.15381658120657
  std: 13.27199715944687
scale:
  max: 23.86365617207241
  mean: 5.072025765478613
  median: 4.101426293878396
  min: 0.0021132829722381175
  num_samples: 2751
  rmse: 6.424069262151932
  std: 3.9424891273466294
trans:
  max: 0.5382514005455196
  mean: 0.18448311418208418
  median: 0.17224272613235275
  min: 0.006574856314580402
  num_samples: 2751
  rmse: 0.20482570083584362
  std: 0.08899184403401504
