rot:
  max: 152.31303936491003
  mean: 87.03217655358964
  median: 88.03624510591187
  min: 40.680454428509904
  num_samples: 2751
  rmse: 88.01245820895643
  std: 13.099352820964183
scale:
  max: 25.945120342924135
  mean: 4.69942954956653
  median: 2.987017897912514
  min: 0.0029659004680882006
  num_samples: 2751
  rmse: 7.092373163298009
  std: 5.311978821129723
trans:
  max: 0.3490646347369597
  mean: 0.11290292662935901
  median: 0.0924158464377572
  min: 0.01879945685026536
  num_samples: 2751
  rmse: 0.13403583789553752
  std: 0.0722394282845897
