rot:
  max: 179.9962127269786
  mean: 166.60248601391118
  median: 169.912820901943
  min: 109.00499798101917
  num_samples: 2676
  rmse: 167.04382689826187
  std: 12.134733569428379
scale:
  max: 51.602521530685074
  mean: 5.067066194312384
  median: 3.3206005029380425
  min: 0.0015365363167374468
  num_samples: 2676
  rmse: 7.8017105877890875
  std: 5.932244792494388
trans:
  max: 1.755254345100789
  mean: 0.24749531648844478
  median: 0.15897825138268093
  min: 0.009337225473469038
  num_samples: 2676
  rmse: 0.4065325648954008
  std: 0.32251324722671126
