rot:
  max: 152.4645858952685
  mean: 86.9156134375918
  median: 88.03513668010659
  min: 40.022155369699185
  num_samples: 2751
  rmse: 87.89158200351842
  std: 13.061635726366767
scale:
  max: 23.880185947803678
  mean: 4.405929019622825
  median: 3.063038107054483
  min: 0.001685516295779621
  num_samples: 2751
  rmse: 6.404617372994378
  std: 4.6483236944630795
trans:
  max: 0.3356108689548696
  mean: 0.11021868861782583
  median: 0.0901477963608962
  min: 0.01953998920436934
  num_samples: 2751
  rmse: 0.12881568843398572
  std: 0.06667325000394404
