rot:
  max: 154.23852853499866
  mean: 85.75963411377057
  median: 88.27839270818822
  min: 31.494527517187905
  num_samples: 2736
  rmse: 87.00464298797695
  std: 14.666051211472205
scale:
  max: 107.5433633214706
  mean: 27.9875061568702
  median: 24.834602039503523
  min: 0.08557492960636903
  num_samples: 2736
  rmse: 34.10252643322763
  std: 19.485425534181722
trans:
  max: 1.4530801507867017
  mean: 0.6582850131330433
  median: 0.6077050234835975
  min: 0.10874566198847073
  num_samples: 2736
  rmse: 0.7106462604418678
  std: 0.267729245627816
