rot:
  max: 179.97351488974752
  mean: 143.98076523728398
  median: 143.19252640662
  min: 60.87832105769088
  num_samples: 2652
  rmse: 145.76208944279844
  std: 22.718405763091976
scale:
  max: 15.480916002899159
  mean: 0.5754757778382117
  median: 0.39181151761649713
  min: 0.0005506989152914699
  num_samples: 2652
  rmse: 0.9443995568353307
  std: 0.7488111591531443
trans:
  max: 0.3946112831695267
  mean: 0.01833499365499284
  median: 0.01519652047118165
  min: 0.0008623663665541238
  num_samples: 2652
  rmse: 0.025889805557422266
  std: 0.018278677180597745
