rot:
  max: 179.99480124244516
  mean: 144.0067126884294
  median: 143.21232066977575
  min: 60.8145567503058
  num_samples: 2654
  rmse: 145.7885735287937
  std: 22.72388330001253
scale:
  max: 10.451471979444428
  mean: 0.5049410272845858
  median: 0.36778296164003965
  min: 0.0012088027188217332
  num_samples: 2654
  rmse: 0.7679746139799771
  std: 0.5786359534996779
trans:
  max: 0.20996207328916505
  mean: 0.016293736515571658
  median: 0.01412900925026636
  min: 0.0003218934481769072
  num_samples: 2654
  rmse: 0.02041180574981658
  std: 0.012294550188167618
