rot:
  max: 151.73652133900595
  mean: 87.40815246256989
  median: 87.93315532067608
  min: 43.299054389566734
  num_samples: 2735
  rmse: 88.45758805003406
  std: 13.585277572050941
scale:
  max: 40.54821691259526
  mean: 16.73387183543142
  median: 17.041062246533865
  min: 0.02376523033899014
  num_samples: 2735
  rmse: 18.48809703176912
  std: 7.860487596292308
trans:
  max: 1.0314326179741276
  mean: 0.36109398265046216
  median: 0.34628039729078763
  min: 0.07266131191838453
  num_samples: 2735
  rmse: 0.3959445131636726
  std: 0.16242904050090717
