rot:
  max: 179.9784186603507
  mean: 143.48369282609343
  median: 142.82961236622174
  min: 59.82528909302658
  num_samples: 2665
  rmse: 145.32750609524336
  std: 23.076263147448124
scale:
  max: 16.261309427359006
  mean: 0.3072089290430877
  median: 0.2071579507246346
  min: 0.00012174562500355535
  num_samples: 2665
  rmse: 0.6929168482726604
  std: 0.6210929338966225
trans:
  max: 0.33976674586095484
  mean: 0.010447887564492163
  median: 0.008510536002867138
  min: 0.0008774606063496332
  num_samples: 2665
  rmse: 0.0172549479303369
  std: 0.013732256679743853
