rot:
  max: 179.94921924898307
  mean: 144.08222542056419
  median: 143.31276890357844
  min: 60.92990061650713
  num_samples: 2655
  rmse: 145.86037270845915
  std: 22.705960550224287
scale:
  max: 113.9286455950927
  mean: 0.7305644214993425
  median: 0.4649568172134466
  min: 0.00021859121200895615
  num_samples: 2655
  rmse: 3.8263432831806745
  std: 3.7559524154042707
trans:
  max: 2.1657617508534583
  mean: 0.020061035794997486
  median: 0.014807355861148912
  min: 0.0007333107409468063
  num_samples: 2655
  rmse: 0.07515772292379849
  std: 0.07243091990249943
