rot:
  max: 179.99574627847662
  mean: 168.96711045981237
  median: 170.84713804025046
  min: 127.19600142295413
  num_samples: 2735
  rmse: 169.2084903409199
  std: 9.034865041314315
scale:
  max: 43.5518023090123
  mean: 17.642731898552857
  median: 17.33359543394282
  min: 0.03082733430208595
  num_samples: 2735
  rmse: 20.41858790758761
  std: 10.278752030070047
trans:
  max: 1.3650414916029014
  mean: 0.4881254057075811
  median: 0.4641147220587208
  min: 0.02284027145535418
  num_samples: 2735
  rmse: 0.5504253801052533
  std: 0.254365263679659
