rot:
  max: 153.51825633189537
  mean: 87.2715662054241
  median: 88.0089236121025
  min: 40.98023058935617
  num_samples: 2675
  rmse: 88.27610990113891
  std: 13.279507194554899
scale:
  max: 6.304355720094446
  mean: 1.5901496854824035
  median: 1.3526302838166693
  min: 0.0008357441823925171
  num_samples: 2675
  rmse: 1.9752787763062696
  std: 1.1718149264650082
trans:
  max: 0.13881832608044792
  mean: 0.06900980515540667
  median: 0.06668365398615658
  min: 0.003808776780550562
  num_samples: 2675
  rmse: 0.07296273615273643
  std: 0.02368982185046239
