rot:
  max: 152.36041693776085
  mean: 86.89877528228739
  median: 87.98679338781739
  min: 40.403765350977345
  num_samples: 2751
  rmse: 87.87860655744393
  std: 13.08634192265099
scale:
  max: 32.81694929200945
  mean: 6.019440665823313
  median: 4.214313221380772
  min: 0.007333861340064196
  num_samples: 2751
  rmse: 8.854198269063819
  std: 6.49331664548443
trans:
  max: 0.4293355476624475
  mean: 0.13173602335088372
  median: 0.10944546265088125
  min: 0.013301809323765412
  num_samples: 2751
  rmse: 0.15995642318851822
  std: 0.09072859235632248
