rot:
  max: 179.9859199180432
  mean: 143.35823069267818
  median: 142.71942015660284
  min: 59.53232361028659
  num_samples: 2666
  rmse: 145.21666199251197
  std: 23.158078782843
scale:
  max: 4.042686274361751
  mean: 0.6210972781209
  median: 0.4694690730305928
  min: 7.606349778921384e-05
  num_samples: 2666
  rmse: 0.8387751917175766
  std: 0.5637215565788368
trans:
  max: 0.07936455923862111
  mean: 0.01947907646243206
  median: 0.01783045277961376
  min: 0.0007315256723350722
  num_samples: 2666
  rmse: 0.022423996672291644
  std: 0.011108609585797508
