rot:
  max: 152.0888875917921
  mean: 87.03702750442163
  median: 87.81648058113501
  min: 41.28246063258063
  num_samples: 2738
  rmse: 88.01835874465196
  std: 13.106766164726176
scale:
  max: 5.137230308422547
  mean: 1.5521237039342095
  median: 1.4184043079575548
  min: 0.0008428240449998015
  num_samples: 2738
  rmse: 1.8932799999312289
  std: 1.084168421337361
trans:
  max: 0.1986232203446597
  mean: 0.07013775367208085
  median: 0.06373095638355014
  min: 0.011187210357810234
  num_samples: 2738
  rmse: 0.07760585195323023
  std: 0.033216919893650734
