rot:
  max: 152.3684394613865
  mean: 87.69696786897752
  median: 88.3750946544999
  min: 41.58724912844639
  num_samples: 2676
  rmse: 88.70633352779501
  std: 13.343741399320306
scale:
  max: 32.28822392435848
  mean: 2.756422681506025
  median: 1.5820298276663203
  min: 0.00033779585630888675
  num_samples: 2676
  rmse: 4.7386464907934895
  std: 3.8544655356597217
trans:
  max: 0.8335903109255901
  mean: 0.11725992609120475
  median: 0.08404707183488686
  min: 0.005109223111568717
  num_samples: 2676
  rmse: 0.16765668923582122
  std: 0.11982852406085054
