rot:
  max: 179.98385911383073
  mean: 144.11419141370382
  median: 144.07831391946385
  min: 67.60350161747711
  num_samples: 2525
  rmse: 145.58858792398777
  std: 20.667287361312464
scale:
  max: 4.383768644426955
  mean: 0.30102879883556033
  median: 0.22302841960332165
  min: 0.0001101249083701461
  num_samples: 2525
  rmse: 0.4150585517118602
  std: 0.28575385145395105
trans:
  max: 0.14244627455938624
  mean: 0.010834468594334132
  median: 0.009178859874300135
  min: 0.0003307624591518721
  num_samples: 2525
  rmse: 0.013749171247651805
  std: 0.008464868591752774
