rot:
  max: 153.66197242969847
  mean: 87.27643432726174
  median: 88.06622003123148
  min: 40.83373297050608
  num_samples: 2675
  rmse: 88.28174861453004
  std: 13.28499716064052
scale:
  max: 8.895383255651257
  mean: 1.5474042197379778
  median: 1.3512747775396683
  min: 8.563768816305384e-05
  num_samples: 2675
  rmse: 1.9076644883797638
  std: 1.1156719862765838
trans:
  max: 0.18671867056216696
  mean: 0.07136729562784754
  median: 0.06849295791086879
  min: 0.004501667737921713
  num_samples: 2675
  rmse: 0.07564416747624883
  std: 0.02507487164358356
