rot:
  max: 152.66049077816527
  mean: 86.760240083294
  median: 87.91516401508532
  min: 39.678517032635746
  num_samples: 2751
  rmse: 87.73750957782433
  std: 13.058764398212805
scale:
  max: 39.813049708312455
  mean: 7.570691443430901
  median: 5.3566960289827215
  min: 0.005960096038815088
  num_samples: 2751
  rmse: 11.065801725675165
  std: 8.070724806380007
trans:
  max: 0.5241241002647391
  mean: 0.16079756320865712
  median: 0.12829757219811483
  min: 0.017214346535191872
  num_samples: 2751
  rmse: 0.19513453127357858
  std: 0.11055147652345995
