rot:
  max: 152.2591409536894
  mean: 87.02268801892858
  median: 87.9518465297917
  min: 41.01235257370487
  num_samples: 2738
  rmse: 88.00566749853645
  std: 13.116755765934817
scale:
  max: 9.272495096564315
  mean: 2.1095058204732524
  median: 1.6247887464634791
  min: 0.0018909601830707778
  num_samples: 2738
  rmse: 2.7067668359027994
  std: 1.6960459596758366
trans:
  max: 0.20641032358012182
  mean: 0.07783683228821432
  median: 0.07153582644505868
  min: 0.010198633537158669
  num_samples: 2738
  rmse: 0.08415401519779205
  std: 0.03198946409752159
