rot:
  max: 179.97452852038856
  mean: 144.10660918113058
  median: 143.34176478989684
  min: 60.970961569455056
  num_samples: 2655
  rmse: 145.88172867985895
  std: 22.68841010165379
scale:
  max: 5.60304046974347
  mean: 0.18329098827704257
  median: 0.14282772533769084
  min: 0.0003310716202409303
  num_samples: 2655
  rmse: 0.27700260519033093
  std: 0.20768932784005878
trans:
  max: 0.11423852089505068
  mean: 0.006829958720689015
  median: 0.0057728002322698785
  min: 0.00035626824654141437
  num_samples: 2655
  rmse: 0.00850033616120593
  std: 0.005060373378238917
