rot:
  max: 179.99467867740603
  mean: 144.08230417050268
  median: 143.29283174307187
  min: 60.89149654246433
  num_samples: 2655
  rmse: 145.86045189595902
  std: 22.705969528124843
scale:
  max: 1.67003372309672
  mean: 0.20202607613376386
  median: 0.15720829468359732
  min: 4.5987890817666965e-05
  num_samples: 2655
  rmse: 0.2761103073365632
  std: 0.18820830581960538
trans:
  max: 0.05089228658647161
  mean: 0.0073990632079532735
  median: 0.006301311267846615
  min: 0.00027104572701312324
  num_samples: 2655
  rmse: 0.008779001267426778
  std: 0.004724904961815973
