rot:
  max: 151.35707721692452
  mean: 91.89741887198876
  median: 89.78151319817992
  min: 41.06182007166105
  num_samples: 2671
  rmse: 92.85038149820643
  std: 13.268675481324747
scale:
  max: 91.9596671201617
  mean: 9.11681760713402
  median: 7.224213137776214
  min: 0.0026986874398504668
  num_samples: 2671
  rmse: 14.239352915297511
  std: 10.938135497635914
trans:
  max: 2.209602486595396
  mean: 0.3363558341609284
  median: 0.251970483904073
  min: 0.022833670290003726
  num_samples: 2671
  rmse: 0.4932276266824582
  std: 0.3607467873020028
