rot:
  max: 153.57504582900484
  mean: 87.24286704283276
  median: 88.07291653771344
  min: 40.89524056169614
  num_samples: 2670
  rmse: 88.24877551116319
  std: 13.286403929065632
scale:
  max: 5.546655007415858
  mean: 1.5228281505598424
  median: 1.292579944420591
  min: 0.004142924965067074
  num_samples: 2670
  rmse: 1.8865348722219184
  std: 1.1135565760085364
trans:
  max: 0.13573285726428364
  mean: 0.06820969469430223
  median: 0.0654143989456718
  min: 0.003658638865714082
  num_samples: 2670
  rmse: 0.0722769169727041
  std: 0.023903771183418847
