rot:
  max: 153.69770972967507
  mean: 87.35171411992647
  median: 87.80371596370512
  min: 41.53515501758656
  num_samples: 2752
  rmse: 88.37481156460312
  std: 13.408406295669872
scale:
  max: 35.69552290736808
  mean: 11.626131266355765
  median: 10.53869465332129
  min: 0.0021224542946729485
  num_samples: 2752
  rmse: 13.703429100690501
  std: 7.253760465794012
trans:
  max: 1.0920507468090148
  mean: 0.381401171932251
  median: 0.29702371158589214
  min: 0.02696477984441067
  num_samples: 2752
  rmse: 0.4473363958073919
  std: 0.23375841602529074
