rot:
  max: 151.71630399578305
  mean: 88.6214813693461
  median: 89.29666615310035
  min: 43.31440423389953
  num_samples: 2752
  rmse: 89.67354499606216
  std: 13.69590128700727
scale:
  max: 33.352860070996705
  mean: 10.958927296471769
  median: 10.108848885387806
  min: 0.005438176325744948
  num_samples: 2752
  rmse: 12.986075299650262
  std: 6.967069986646665
trans:
  max: 1.0726681531673956
  mean: 0.3315356620827804
  median: 0.27954023565967534
  min: 0.040559156942913746
  num_samples: 2752
  rmse: 0.38614988096918856
  std: 0.19797938109775678
