rot:
  max: 149.8909917276332
  mean: 91.10441727999506
  median: 89.65403089612413
  min: 39.76821953599146
  num_samples: 2676
  rmse: 92.13883145635417
  std: 13.767694586058226
scale:
  max: 45.712080533033664
  mean: 4.7973779612874665
  median: 3.3694985799232247
  min: 0.005289940353359057
  num_samples: 2676
  rmse: 7.271182227578341
  std: 5.463996310687293
trans:
  max: 1.704809922651342
  mean: 0.2421257372544704
  median: 0.15540645165612765
  min: 0.00866096167437654
  num_samples: 2676
  rmse: 0.39119442602664123
  std: 0.3072591842619069
