rot:
  max: 152.7946355882688
  mean: 86.73575472303872
  median: 88.32356070753096
  min: 38.29393236089556
  num_samples: 2751
  rmse: 87.72607257764156
  std: 13.14430152280868
scale:
  max: 86.46317820205738
  mean: 17.82321514283305
  median: 13.106155279917854
  min: 0.013281743623627662
  num_samples: 2751
  rmse: 24.489674217879916
  std: 16.795152433669045
trans:
  max: 1.0746495917023486
  mean: 0.3655990840322898
  median: 0.28269479441484535
  min: 0.043703159585143356
  num_samples: 2751
  rmse: 0.4385958349510399
  std: 0.2422882914858882
