rot:
  max: 144.552289900071
  mean: 85.59616576352737
  median: 87.57907046790696
  min: 37.28969423107778
  num_samples: 2735
  rmse: 86.69723517474978
  std: 13.773416189479601
scale:
  max: 30.84207134221364
  mean: 12.73145916117036
  median: 11.819187539285469
  min: 0.02933902287758361
  num_samples: 2735
  rmse: 14.780722715352777
  std: 7.5086424615636425
trans:
  max: 0.7166751179870866
  mean: 0.315208127859461
  median: 0.2842465193999317
  min: 0.029808298617028346
  num_samples: 2735
  rmse: 0.34535138677130645
  std: 0.1411078186217837
