rot:
  max: 152.68039718589014
  mean: 87.8447320582994
  median: 88.23805356607187
  min: 42.03225374559731
  num_samples: 2751
  rmse: 88.85039605515222
  std: 13.330263641916163
scale:
  max: 20.103430190458017
  mean: 7.6377966342165955
  median: 7.148695241036629
  min: 0.0012694423887849027
  num_samples: 2751
  rmse: 8.755652735066276
  std: 4.2808313902118345
trans:
  max: 0.5202399807468651
  mean: 0.1665037415556848
  median: 0.1511480806592029
  min: 0.013031373379188258
  num_samples: 2751
  rmse: 0.18684367041171884
  std: 0.08477653697150365
