rot:
  max: 153.3907309014887
  mean: 87.26214461410999
  median: 88.07733124975407
  min: 40.99772311969423
  num_samples: 2673
  rmse: 88.26510662093403
  std: 13.268276608173764
scale:
  max: 5.18387711747208
  mean: 1.564416368510063
  median: 1.317624354218272
  min: 0.00071135764789787
  num_samples: 2673
  rmse: 1.9475135432530062
  std: 1.1599182846613219
trans:
  max: 0.14107702298608546
  mean: 0.06813043999685038
  median: 0.06515171600541084
  min: 0.004730234801297599
  num_samples: 2673
  rmse: 0.07241357842413809
  std: 0.024535066456489597
