rot:
  max: 151.2904073638144
  mean: 87.51721595922847
  median: 88.15409737937648
  min: 42.59927720164487
  num_samples: 2738
  rmse: 88.51593076468164
  std: 13.25921980674908
scale:
  max: 7.990485493520194
  mean: 2.8134052212126575
  median: 2.7170014475489666
  min: 0.0015993257069357725
  num_samples: 2738
  rmse: 3.251207858389587
  std: 1.629448863790329
trans:
  max: 0.1825666776285173
  mean: 0.08161195663658845
  median: 0.08126605569457945
  min: 0.00468159887876683
  num_samples: 2738
  rmse: 0.08675165495648193
  std: 0.029416630868202925
