rot:
  max: 179.9898391147791
  mean: 168.72026178232232
  median: 171.62212481312258
  min: 133.30244047054956
  num_samples: 2735
  rmse: 168.99788289153105
  std: 9.682855256807917
scale:
  max: 41.04790676469495
  mean: 13.183423803767338
  median: 13.493726950746531
  min: 0.010163601151780277
  num_samples: 2735
  rmse: 15.078439168183953
  std: 7.318241903550671
trans:
  max: 1.0300733006506964
  mean: 0.3076375379056932
  median: 0.2902829342042848
  min: 0.03613871748146838
  num_samples: 2735
  rmse: 0.34453322599081343
  std: 0.1551202407262191
