rot:
  max: 152.40186163271596
  mean: 86.50447278363384
  median: 88.64720530364302
  min: 36.382042309228346
  num_samples: 2735
  rmse: 87.52555641573299
  std: 13.330386877701907
scale:
  max: 80.85270106256186
  mean: 17.59597531981183
  median: 13.831869761556092
  min: 0.011210229427049967
  num_samples: 2735
  rmse: 23.551959965044805
  std: 15.654918420089146
trans:
  max: 1.0308932454424031
  mean: 0.35468419308091353
  median: 0.30131137368750643
  min: 0.011701120822295496
  num_samples: 2735
  rmse: 0.41488037119198723
  std: 0.2152320737690886
