rot:
  max: 179.99999999999832
  mean: 168.7977639402755
  median: 171.86422497031802
  min: 136.70491033670484
  num_samples: 2735
  rmse: 169.07921385330448
  std: 9.751689392844371
scale:
  max: 42.23682887815551
  mean: 16.995239881592138
  median: 17.73741844346154
  min: 0.04078691551185898
  num_samples: 2735
  rmse: 18.795261176688218
  std: 8.026435327532614
trans:
  max: 1.038948113542448
  mean: 0.35130613042530967
  median: 0.3444084915138883
  min: 0.053042406634234575
  num_samples: 2735
  rmse: 0.38576309787741453
  std: 0.15936489704315382
