rot:
  max: 152.67175314031985
  mean: 88.93319526381086
  median: 88.79118907735821
  min: 42.610962008551596
  num_samples: 2676
  rmse: 89.86955084573384
  std: 12.93920203810153
scale:
  max: 42.79670316914368
  mean: 3.50389802434954
  median: 2.2968469885858154
  min: 0.0028933008380249703
  num_samples: 2676
  rmse: 5.925466900038619
  std: 4.778478483619288
trans:
  max: 2.3159538359157374
  mean: 0.17175832796135973
  median: 0.10708415665445499
  min: 0.014717278354300258
  num_samples: 2676
  rmse: 0.3120541644704613
  std: 0.2605319142432949
