rot:
  max: 153.33132006702922
  mean: 87.43843384762614
  median: 87.75959028564195
  min: 42.70229740973271
  num_samples: 2734
  rmse: 88.42909874490478
  std: 13.199461773513189
scale:
  max: 16.999487540573977
  mean: 9.650569831592303
  median: 10.666999805720362
  min: 0.03533905168224827
  num_samples: 2734
  rmse: 10.487949571718097
  std: 4.106529939555075
trans:
  max: 0.3049963346991548
  mean: 0.18550718383729098
  median: 0.1922227357324162
  min: 0.03274251344538859
  num_samples: 2734
  rmse: 0.19186124363986817
  std: 0.04896755615501355
