rot:
  max: 179.9966218744974
  mean: 169.03226036707528
  median: 171.7074889888695
  min: 135.5523681299199
  num_samples: 2670
  rmse: 169.28531602084337
  std: 9.252738809351333
scale:
  max: 2.105822561317794
  mean: 0.28604202212871743
  median: 0.209832413882316
  min: 0.0002298227116837026
  num_samples: 2670
  rmse: 0.3889872850901323
  std: 0.2636115883991176
trans:
  max: 0.04446074471151992
  mean: 0.009048600742113501
  median: 0.007885995285418512
  min: 0.0006100377778715131
  num_samples: 2670
  rmse: 0.010555689439004328
  std: 0.005435568428649427
