rot:
  max: 179.99953069168743
  mean: 168.97671652918822
  median: 171.58273181804145
  min: 135.28493757494002
  num_samples: 2672
  rmse: 169.2321721161366
  std: 9.295017491109338
scale:
  max: 12.336575491122236
  mean: 0.9213996814908979
  median: 0.5760412609413013
  min: 0.00011926389883454291
  num_samples: 2672
  rmse: 1.6436183250063223
  std: 1.3610671641197822
trans:
  max: 0.3139973469135123
  mean: 0.03063291791563341
  median: 0.018552931996640366
  min: 0.0009931652403548442
  num_samples: 2672
  rmse: 0.05002898003985907
  std: 0.03955405394902877
