rot:
  max: 151.3224299764804
  mean: 87.57766191727936
  median: 88.17240010244832
  min: 43.696020591166956
  num_samples: 2735
  rmse: 88.61424094207597
  std: 13.514319473913652
scale:
  max: 30.521084288461264
  mean: 12.461033545238655
  median: 12.803268479394415
  min: 0.01079087720863292
  num_samples: 2735
  rmse: 13.78826378198164
  std: 5.902445349678693
trans:
  max: 0.6593459880737521
  mean: 0.2515181443234668
  median: 0.2444059075062573
  min: 0.04880375370416884
  num_samples: 2735
  rmse: 0.2726316425191269
  std: 0.1051980778282416
