rot:
  max: 152.40859975379558
  mean: 86.97700418390002
  median: 88.0720263797464
  min: 40.43247881302368
  num_samples: 2751
  rmse: 87.95699486682109
  std: 13.093268850666483
scale:
  max: 32.299362929297246
  mean: 5.998941041675764
  median: 4.154328919221184
  min: 0.00602340475857055
  num_samples: 2751
  rmse: 8.815792804964236
  std: 6.4599465290788105
trans:
  max: 0.4147100216388687
  mean: 0.1302132082565247
  median: 0.1060220304363102
  min: 0.01019089266463303
  num_samples: 2751
  rmse: 0.15713781932485965
  std: 0.0879591647170161
