rot:
  max: 179.99142393608432
  mean: 143.46725637466992
  median: 142.8302244544144
  min: 59.72903575550949
  num_samples: 2665
  rmse: 145.31758748608115
  std: 23.115959445793706
scale:
  max: 25.499315187862017
  mean: 0.51827451585687
  median: 0.28883779485979755
  min: 0.00023362734384857475
  num_samples: 2665
  rmse: 1.692955889862169
  std: 1.6116734071245131
trans:
  max: 0.5517936343711402
  mean: 0.015636853695669937
  median: 0.011115107140485636
  min: 0.0008819829784574595
  num_samples: 2665
  rmse: 0.03884712492159736
  std: 0.035561044995534086
