rot:
  max: 179.98553952986418
  mean: 144.09569526764156
  median: 143.34765514628467
  min: 61.01599920939778
  num_samples: 2654
  rmse: 145.87032922527086
  std: 22.68443417023753
scale:
  max: 13.848929439994828
  mean: 0.38230008316128533
  median: 0.2677985304694708
  min: 8.554301000884834e-06
  num_samples: 2654
  rmse: 0.6463210115241422
  std: 0.5211309781163137
trans:
  max: 0.28330211675957356
  mean: 0.01260790819005149
  median: 0.010651984116611873
  min: 0.00041530376785982114
  num_samples: 2654
  rmse: 0.016752854465558773
  std: 0.011031717174376133
