rot:
  max: 151.12620470886466
  mean: 88.3289414220653
  median: 88.97934970339307
  min: 43.62563130983892
  num_samples: 2735
  rmse: 89.37750506646518
  std: 13.650513512807963
scale:
  max: 27.641516959450506
  mean: 11.762971304032735
  median: 11.711601225557056
  min: 0.001759141716706214
  num_samples: 2735
  rmse: 13.286518481749223
  std: 6.177708269768478
trans:
  max: 0.6267379105091839
  mean: 0.2789724292449799
  median: 0.27663679384623546
  min: 0.021991922842694547
  num_samples: 2735
  rmse: 0.30358832320080503
  std: 0.11975079834819899
