rot:
  max: 153.34689068396136
  mean: 87.23130475825764
  median: 88.05712092227611
  min: 40.97681207056109
  num_samples: 2673
  rmse: 88.23260693350238
  std: 13.254900846626809
scale:
  max: 20.343844817521408
  mean: 1.5902528683691681
  median: 1.2879145743322606
  min: 0.00017835529793064353
  num_samples: 2673
  rmse: 2.1528893683371346
  std: 1.4512161957967165
trans:
  max: 0.3430026469341792
  mean: 0.07021587405939862
  median: 0.066694816470775
  min: 0.007106305567705827
  num_samples: 2673
  rmse: 0.07534903239777181
  std: 0.02733510039043472
