rot:
  max: 153.4762415761825
  mean: 85.75009647364168
  median: 88.29772505424455
  min: 31.133794018457642
  num_samples: 2752
  rmse: 86.99595355242599
  std: 14.670272296621423
scale:
  max: 105.20762169929694
  mean: 27.598636952234916
  median: 25.913330690277824
  min: 0.001497623414115079
  num_samples: 2752
  rmse: 33.4224693391073
  std: 18.85143748105968
trans:
  max: 1.3983815197377147
  mean: 0.6596623957816241
  median: 0.6091793932152649
  min: 0.09020594470482986
  num_samples: 2752
  rmse: 0.7080843437362778
  std: 0.2573498813601502
