rot:
  max: 153.50883881040954
  mean: 87.27448463474299
  median: 88.00289450895747
  min: 40.85945171207084
  num_samples: 2676
  rmse: 88.28244581647023
  std: 13.302427262647448
scale:
  max: 5.441795440983399
  mean: 1.5611951573282503
  median: 1.337091479542779
  min: 0.000631916354842943
  num_samples: 2676
  rmse: 1.9410511621157946
  std: 1.153407687977632
trans:
  max: 0.13985347122369096
  mean: 0.06874420368964114
  median: 0.06586310298828552
  min: 0.005813169082960492
  num_samples: 2676
  rmse: 0.07275934553099732
  std: 0.023836040383758975
