rot:
  max: 152.03071775957295
  mean: 87.81147876069731
  median: 88.40130765403158
  min: 42.30173108867157
  num_samples: 2751
  rmse: 88.81259151761081
  std: 13.297391095008143
scale:
  max: 16.071185636076578
  mean: 5.570769949077048
  median: 5.3298262217741925
  min: 0.0004651667751320865
  num_samples: 2751
  rmse: 6.419103314270022
  std: 3.189264732463035
trans:
  max: 0.44006509630625945
  mean: 0.1426322463271229
  median: 0.13647622670738727
  min: 0.003039766287272363
  num_samples: 2751
  rmse: 0.15720420347720016
  std: 0.06609995384703302
