rot:
  max: 152.2395726789214
  mean: 86.74262739445781
  median: 87.98101230370774
  min: 39.462197950282444
  num_samples: 2751
  rmse: 87.72280851883491
  std: 13.07699228180678
scale:
  max: 39.94054183712945
  mean: 7.851035394725068
  median: 5.704235910434363
  min: 0.00778586089731359
  num_samples: 2751
  rmse: 11.153377378350156
  std: 7.922062242539326
trans:
  max: 0.5015320282152501
  mean: 0.1634480037069812
  median: 0.13539390414150304
  min: 0.015480253667734544
  num_samples: 2751
  rmse: 0.1966619043515242
  std: 0.10936477818461832
