rot:
  max: 179.97409997374317
  mean: 143.93530367434917
  median: 143.0867300700213
  min: 60.59717413592423
  num_samples: 2654
  rmse: 145.72737595428987
  std: 22.783688434839277
scale:
  max: 24.194732746285496
  mean: 0.7069846378481534
  median: 0.45611274877865315
  min: 0.0001868153153061769
  num_samples: 2654
  rmse: 1.6634311192070035
  std: 1.5057143853310901
trans:
  max: 0.5134233887950936
  mean: 0.02272510975135732
  median: 0.01705118728853084
  min: 0.0005396789648153511
  num_samples: 2654
  rmse: 0.039491145251342265
  std: 0.032297367385769625
