rot:
  max: 151.11129615570516
  mean: 87.49655841006233
  median: 88.01444688289428
  min: 42.50446579109541
  num_samples: 2735
  rmse: 88.53487556344001
  std: 13.519484362517916
scale:
  max: 33.95640092940616
  mean: 13.569440430697775
  median: 12.948375431665138
  min: 0.018199677448405005
  num_samples: 2735
  rmse: 15.441257155696823
  std: 7.369037179041952
trans:
  max: 0.8582091705614635
  mean: 0.31814445819705445
  median: 0.3016922176056289
  min: 0.03364015231146846
  num_samples: 2735
  rmse: 0.3515250431942264
  std: 0.14951240654609652
