rot:
  max: 179.9816699700984
  mean: 144.08481548914295
  median: 143.31049890043502
  min: 60.947021077685925
  num_samples: 2655
  rmse: 145.86147719086253
  std: 22.69661811284102
scale:
  max: 1.6459459156687672
  mean: 0.19680019059794301
  median: 0.15043042842524113
  min: 3.1349614570963524e-05
  num_samples: 2655
  rmse: 0.26687182381661645
  std: 0.18025053488913848
trans:
  max: 0.04942824229663724
  mean: 0.007019678778502415
  median: 0.005995345161680855
  min: 0.00033416891357376934
  num_samples: 2655
  rmse: 0.008384675627730844
  std: 0.004585509266036496
