rot:
  max: 150.13156692419247
  mean: 87.78037229459459
  median: 88.40769187723478
  min: 43.42894218591388
  num_samples: 2735
  rmse: 88.8426442906121
  std: 13.697506501935793
scale:
  max: 35.888720100581615
  mean: 14.862140700556077
  median: 14.618061177659413
  min: 0.009191547288045498
  num_samples: 2735
  rmse: 16.69937272609931
  std: 7.614842299224868
trans:
  max: 0.9162419015937797
  mean: 0.3406393454627263
  median: 0.32769377222904306
  min: 0.055071439740087026
  num_samples: 2735
  rmse: 0.3768039056946502
  std: 0.1610776820961497
