rot:
  max: 150.7608931053355
  mean: 87.47931755911722
  median: 88.03792200971232
  min: 42.737924296534736
  num_samples: 2738
  rmse: 88.48620430196326
  std: 13.310798291609242
scale:
  max: 8.338321993465591
  mean: 2.9054634010472955
  median: 2.795443816197557
  min: 0.002691116484432321
  num_samples: 2738
  rmse: 3.349868748348007
  std: 1.667304128326122
trans:
  max: 0.18628774653732788
  mean: 0.08519981603083855
  median: 0.08399649874014961
  min: 0.009397382350402095
  num_samples: 2738
  rmse: 0.08980341543293388
  std: 0.028383882252633597
