rot:
  max: 179.9757447775008
  mean: 143.9649752611317
  median: 143.18002573019442
  min: 60.75396180579062
  num_samples: 2652
  rmse: 145.74594491801906
  std: 22.714892870273133
scale:
  max: 5.501009411927016
  mean: 0.4976231342956947
  median: 0.36489730362986306
  min: 1.71105849156028e-05
  num_samples: 2652
  rmse: 0.6893521506037108
  std: 0.4770509446125118
trans:
  max: 0.10674054195376297
  mean: 0.016364251542145682
  median: 0.014136464503952213
  min: 0.0010054910764890313
  num_samples: 2652
  rmse: 0.019397923426404624
  std: 0.010415887130822796
