rot:
  max: 179.99719423814264
  mean: 168.9691162719864
  median: 171.57921361086318
  min: 135.42340736104163
  num_samples: 2672
  rmse: 169.22522834114434
  std: 9.306753106018572
scale:
  max: 5.635546820644133
  mean: 0.6584634343385652
  median: 0.4547370330395317
  min: 0.00023887718698656357
  num_samples: 2672
  rmse: 0.9658538616102135
  std: 0.7066113412806394
trans:
  max: 0.1458128764960729
  mean: 0.020141765019150847
  median: 0.014965377305608011
  min: 0.0006264860644209716
  num_samples: 2672
  rmse: 0.026965528044289977
  std: 0.017928998985462085
