rot:
  max: 179.99900062240116
  mean: 167.09912973686704
  median: 170.7420963363126
  min: 121.20389647861079
  num_samples: 2676
  rmse: 167.48616178275893
  std: 11.379597088744182
scale:
  max: 221.36110949722215
  mean: 14.311771130059414
  median: 13.114367274908245
  min: 0.04203307722815408
  num_samples: 2676
  rmse: 23.211075625602746
  std: 18.273676116705307
trans:
  max: 4.944525036549291
  mean: 0.44860180407204225
  median: 0.38929468045425275
  min: 0.031247592372282074
  num_samples: 2676
  rmse: 0.6345950981005523
  std: 0.44885115563687533
