rot:
  max: 179.98505347808285
  mean: 144.07897853349667
  median: 143.32746907990875
  min: 60.9348980179408
  num_samples: 2655
  rmse: 145.85652149552493
  std: 22.70182388088472
scale:
  max: 11.003136750152809
  mean: 0.32578612003689583
  median: 0.23197855032323078
  min: 3.1986514348325557e-05
  num_samples: 2655
  rmse: 0.5584646836016532
  std: 0.4535925559592005
trans:
  max: 0.23312808002793123
  mean: 0.010697447862296825
  median: 0.009159269726906848
  min: 0.0004894773830226865
  num_samples: 2655
  rmse: 0.014431491342201857
  std: 0.009686720373453972
