rot:
  max: 151.5599975132113
  mean: 87.03332364402861
  median: 87.89727016371162
  min: 40.938007380394254
  num_samples: 2735
  rmse: 88.02098225034318
  std: 13.148912190329565
scale:
  max: 14.951906921316805
  mean: 3.111810555038744
  median: 2.146569066814441
  min: 0.0004017588465465849
  num_samples: 2735
  rmse: 4.2996800228989205
  std: 2.9671338643319585
trans:
  max: 0.2489282006427504
  mean: 0.09787205280779074
  median: 0.08322537285492099
  min: 0.007912692585849994
  num_samples: 2735
  rmse: 0.10748319071347998
  std: 0.044426316132888305
