rot:
  max: 179.98985170425232
  mean: 169.02150641098106
  median: 171.61114716730393
  min: 134.73562386442376
  num_samples: 2675
  rmse: 169.27325342707172
  std: 9.228472048416196
scale:
  max: 51.3925083006066
  mean: 0.698252828623285
  median: 0.45945034371089877
  min: 8.897787393546963e-05
  num_samples: 2675
  rmse: 1.378198426477958
  std: 1.1882229967753954
trans:
  max: 1.2327434276040208
  mean: 0.020882298027770807
  median: 0.016119270143986487
  min: 0.0008290812065492617
  num_samples: 2675
  rmse: 0.03478621111738556
  std: 0.027821037237721315
