rot:
  max: 147.92775186434304
  mean: 87.04435911223813
  median: 86.7728765321961
  min: 41.3462712065159
  num_samples: 2735
  rmse: 88.20992006431949
  std: 14.292289686867884
scale:
  max: 55.330664864722664
  mean: 18.859695308225877
  median: 17.54305249001752
  min: 0.004804103053079878
  num_samples: 2735
  rmse: 22.11052468168991
  std: 11.540675655285549
trans:
  max: 1.3157818808125465
  mean: 0.5550812455106058
  median: 0.5185676672430632
  min: 0.04737023417374812
  num_samples: 2735
  rmse: 0.6129574545190035
  std: 0.260003176774461
