rot:
  max: 151.09889394194073
  mean: 89.08947039032508
  median: 88.70188785450917
  min: 40.79616922474687
  num_samples: 2673
  rmse: 90.07026827989516
  std: 13.255922962346615
scale:
  max: 222.56346496756993
  mean: 13.570440181199492
  median: 11.403386339235045
  min: 0.021314476317702002
  num_samples: 2673
  rmse: 21.776085152898368
  std: 17.03059123679411
trans:
  max: 4.953877159748548
  mean: 0.5051148760450079
  median: 0.4574989940820535
  min: 0.01740507911414152
  num_samples: 2673
  rmse: 0.683043439938308
  std: 0.4597904988587658
