rot:
  max: 151.10655766217914
  mean: 87.74831531188016
  median: 88.34349871888242
  min: 43.405026866934115
  num_samples: 2752
  rmse: 88.78955133658656
  std: 13.557934447370378
scale:
  max: 38.03702745085936
  mean: 13.563042678343088
  median: 13.671410355888158
  min: 0.0015035296146992394
  num_samples: 2752
  rmse: 15.695753090089347
  std: 7.899401139991158
trans:
  max: 1.0368538391395827
  mean: 0.3403423754520187
  median: 0.2890176491595591
  min: 0.028383803583717435
  num_samples: 2752
  rmse: 0.39572070117879016
  std: 0.2018958662605811
