rot:
  max: 179.9939902414511
  mean: 167.2085335493842
  median: 170.5953024265333
  min: 115.46149100226276
  num_samples: 2676
  rmse: 167.6034960764115
  std: 11.49948717552719
scale:
  max: 28.564384896710827
  mean: 2.5289375398198968
  median: 1.438862301619137
  min: 0.002548694795345696
  num_samples: 2676
  rmse: 4.471885479222252
  std: 3.688120748968034
trans:
  max: 1.3112407231920082
  mean: 0.14091612782632526
  median: 0.08169812300227942
  min: 0.00715370427630954
  num_samples: 2676
  rmse: 0.26794323539335013
  std: 0.22789520028182028
