rot:
  max: 179.99219992889462
  mean: 144.09751978820464
  median: 143.34422043602106
  min: 60.92831957839107
  num_samples: 2655
  rmse: 145.8738719501326
  std: 22.695623115739465
scale:
  max: 3.9705157319086304
  mean: 0.18053438635868083
  median: 0.14687303552050057
  min: 1.0361465241359724e-06
  num_samples: 2655
  rmse: 0.2437599906355084
  std: 0.16378726561218881
trans:
  max: 0.07916536894272194
  mean: 0.006691604858025151
  median: 0.00588706903517249
  min: 0.0003963940960819784
  num_samples: 2655
  rmse: 0.007855952496546836
  std: 0.004115630456206504
