rot:
  max: 151.94303880271724
  mean: 86.6374205994576
  median: 88.52673142959657
  min: 37.20639377089762
  num_samples: 2735
  rmse: 87.64290853190577
  std: 13.23770251231949
scale:
  max: 75.31560794405439
  mean: 16.572905001731012
  median: 13.144511013762184
  min: 0.003502291230828014
  num_samples: 2735
  rmse: 21.953576861478535
  std: 14.397859452586857
trans:
  max: 0.9365794974302689
  mean: 0.3149981228975655
  median: 0.2623044350715675
  min: 0.005516901563629857
  num_samples: 2735
  rmse: 0.37062763020339257
  std: 0.195297267879489
