rot:
  max: 155.2672603415834
  mean: 88.30333433229093
  median: 88.36220043701218
  min: 45.20545689464102
  num_samples: 2676
  rmse: 89.25250287536836
  std: 12.981926487130616
scale:
  max: 43.02353791384039
  mean: 2.674187900982929
  median: 1.8401751151815526
  min: 0.002572780333198743
  num_samples: 2676
  rmse: 4.407723646007787
  std: 3.503818889413768
trans:
  max: 2.4648645414944355
  mean: 0.13354625352167743
  median: 0.08894349087770506
  min: 0.011338985462858015
  num_samples: 2676
  rmse: 0.2749618540104334
  std: 0.24035269778219456
