rot:
  max: 180.0000000001503
  mean: 169.06444875804593
  median: 171.74212473385188
  min: 135.68551597357828
  num_samples: 2676
  rmse: 169.31730542835194
  std: 9.249977494887444
scale:
  max: 14.612117628437993
  mean: 0.4546805513624823
  median: 0.2552570663261422
  min: 0.0002524873462306232
  num_samples: 2676
  rmse: 0.9395345180313811
  std: 0.8221865401386533
trans:
  max: 0.30660000520956615
  mean: 0.014075406214995178
  median: 0.00804511580023232
  min: 0.0004952385913404145
  num_samples: 2676
  rmse: 0.025782766225206265
  std: 0.02160171229570729
