rot:
  max: 153.5806472775528
  mean: 87.29052545852782
  median: 88.07969468705954
  min: 40.66681176254403
  num_samples: 2672
  rmse: 88.30555206875208
  std: 13.35045659673037
scale:
  max: 6.465673585096687
  mean: 1.606286125551231
  median: 1.3561169986135935
  min: 0.0016756679176888056
  num_samples: 2672
  rmse: 2.0107825915651625
  std: 1.2095831982146314
trans:
  max: 0.1815097257431757
  mean: 0.07142130500875449
  median: 0.06923154654109602
  min: 0.0039436094344593945
  num_samples: 2672
  rmse: 0.07580754642280448
  std: 0.025412227086426722
