rot:
  max: 150.6855885950695
  mean: 87.66963380601273
  median: 88.11114521986485
  min: 43.230775079993684
  num_samples: 2735
  rmse: 88.7153279678347
  std: 13.581042845087138
scale:
  max: 38.43102592180628
  mean: 13.75418926456631
  median: 14.058763393966833
  min: 0.0176240676017847
  num_samples: 2735
  rmse: 15.504826492625156
  std: 7.1569492272126
trans:
  max: 0.8089278009365216
  mean: 0.28286299422053324
  median: 0.2777599611514161
  min: 0.03735808974090054
  num_samples: 2735
  rmse: 0.30692563028332726
  std: 0.11912963118138195
