rot:
  max: 152.778331677493
  mean: 86.89418414071716
  median: 87.97060039767848
  min: 39.61444834917784
  num_samples: 2751
  rmse: 87.8700958732545
  std: 13.05965203571953
scale:
  max: 28.484285968625933
  mean: 5.252280350912731
  median: 3.412829051497679
  min: 0.0008357586938956274
  num_samples: 2751
  rmse: 7.8070291624836425
  std: 5.776093442741903
trans:
  max: 0.41624777864143636
  mean: 0.13181308077342896
  median: 0.1080136390044171
  min: 0.013264079485089139
  num_samples: 2751
  rmse: 0.15577699256256566
  std: 0.08301676426394343
