rot:
  max: 153.59086345092553
  mean: 87.26957873999847
  median: 88.07197654215373
  min: 40.97016044358987
  num_samples: 2672
  rmse: 88.27244948171439
  std: 13.268231383460291
scale:
  max: 7.224916494933664
  mean: 1.7247696187446295
  median: 1.367582635734571
  min: 0.00032498906290534535
  num_samples: 2672
  rmse: 2.2126912571479025
  std: 1.3860636210918547
trans:
  max: 0.22905064537030204
  mean: 0.07248960324813314
  median: 0.06833548647926316
  min: 0.00584612825204546
  num_samples: 2672
  rmse: 0.07837656274416999
  std: 0.029801728280740087
