rot:
  max: 153.45266791093485
  mean: 87.2707404358798
  median: 88.10454170774662
  min: 41.02081733039394
  num_samples: 2672
  rmse: 88.27428248055914
  std: 13.27278460726457
scale:
  max: 5.108590486881837
  mean: 1.511670319289825
  median: 1.2981392706262973
  min: 0.00017684983849575175
  num_samples: 2672
  rmse: 1.8793971401570826
  std: 1.1166854777460018
trans:
  max: 0.13693060891316566
  mean: 0.06837092951030195
  median: 0.06664787975211742
  min: 0.0025864903163618546
  num_samples: 2672
  rmse: 0.07231203683085459
  std: 0.02354669124365873
