rot:
  max: 179.9928196258809
  mean: 146.08683295373436
  median: 147.08033921847667
  min: 78.43053283490438
  num_samples: 2536
  rmse: 147.31584811030137
  std: 18.989374450072226
scale:
  max: 152.22691834279541
  mean: 0.7937543679408304
  median: 0.4892568153384791
  min: 7.099847736391496e-05
  num_samples: 2536
  rmse: 5.324186355443631
  std: 5.26468558898507
trans:
  max: 2.5699872263695176
  mean: 0.019918376471249263
  median: 0.01498942742049425
  min: 0.0008986436285020749
  num_samples: 2536
  rmse: 0.08851159730649807
  std: 0.08624129600427663
