rot:
  max: 151.44756737461577
  mean: 87.09857447169293
  median: 87.73561063660355
  min: 42.158065227626
  num_samples: 2738
  rmse: 88.08997357129815
  std: 13.17883791504283
scale:
  max: 7.572650476719489
  mean: 2.875526954163995
  median: 2.8783814868260094
  min: 0.0016473465651811736
  num_samples: 2738
  rmse: 3.3030376259263536
  std: 1.625239149836573
trans:
  max: 0.20065708256593665
  mean: 0.08554973772093684
  median: 0.0841136171185537
  min: 0.010901712855065717
  num_samples: 2738
  rmse: 0.09150348013011987
  std: 0.032467356711043845
