rot:
  max: 153.5381264717312
  mean: 87.25226591194055
  median: 88.06158945145188
  min: 40.89430314856287
  num_samples: 2675
  rmse: 88.25682938819408
  std: 13.278178598317181
scale:
  max: 14.93364972237502
  mean: 1.5365688836555385
  median: 1.294375476280507
  min: 0.00045822747239965267
  num_samples: 2675
  rmse: 1.939366064302379
  std: 1.1832568601741877
trans:
  max: 0.30491058205046817
  mean: 0.06893609062791024
  median: 0.06706171393217404
  min: 0.005153627609295268
  num_samples: 2675
  rmse: 0.0730925943775975
  std: 0.024296970218291383
