rot:
  max: 154.2174153573312
  mean: 87.29911503116557
  median: 88.08654080788
  min: 40.45949439631333
  num_samples: 2678
  rmse: 88.32042370195273
  std: 13.392600855240063
scale:
  max: 23.038520194113342
  mean: 1.7216157471934481
  median: 1.390607852149428
  min: 0.000502911485478208
  num_samples: 2678
  rmse: 2.3958354367106933
  std: 1.6661532518991928
trans:
  max: 0.48727294252377173
  mean: 0.07269513160164098
  median: 0.06908112537844593
  min: 0.009548463326123515
  num_samples: 2678
  rmse: 0.0794975632594784
  std: 0.03217577358222921
