rot:
  max: 153.54057042704676
  mean: 87.33498460733087
  median: 88.1558571845197
  min: 40.89985496002357
  num_samples: 2676
  rmse: 88.33796231652362
  std: 13.273886012499018
scale:
  max: 20.187922330121644
  mean: 1.638475422081569
  median: 1.3391326189090391
  min: 0.0022189938821637334
  num_samples: 2676
  rmse: 2.244008964550348
  std: 1.5332887934818245
trans:
  max: 0.4182710800017713
  mean: 0.07230106196495693
  median: 0.06852493715559235
  min: 0.0068888594589380184
  num_samples: 2676
  rmse: 0.07877125313277503
  std: 0.03126446479387071
