rot:
  max: 152.09476624853227
  mean: 86.70180619499536
  median: 88.08960736664578
  min: 39.16677363201047
  num_samples: 2751
  rmse: 87.68964989999931
  std: 13.125223887992124
scale:
  max: 58.97053944110293
  mean: 11.095039663018765
  median: 8.197981975602698
  min: 0.0026475155240568427
  num_samples: 2751
  rmse: 16.09397348753687
  std: 11.658305086657336
trans:
  max: 0.7075664126714848
  mean: 0.213762960719609
  median: 0.1690002212293815
  min: 0.019046364026066347
  num_samples: 2751
  rmse: 0.2653809426354777
  std: 0.15726551223482382
