rot:
  max: 153.60963647197232
  mean: 87.2987512227228
  median: 88.08908941198797
  min: 40.73740824029457
  num_samples: 2672
  rmse: 88.31463623897785
  std: 13.35675892483419
scale:
  max: 6.223676550012913
  mean: 1.6292270433760565
  median: 1.4046290488411106
  min: 0.0007062073051233853
  num_samples: 2672
  rmse: 2.0299824104775457
  std: 1.210969788219484
trans:
  max: 0.15026513147798984
  mean: 0.07036053093196598
  median: 0.06795895431788113
  min: 0.007010713742329513
  num_samples: 2672
  rmse: 0.07476883444955901
  std: 0.025293759940297988
