rot:
  max: 151.7622964773046
  mean: 86.92367040211032
  median: 87.94704197952211
  min: 40.75098930027756
  num_samples: 2751
  rmse: 87.90378395181065
  std: 13.090101484399687
scale:
  max: 22.942267759683755
  mean: 4.225688987713522
  median: 2.64267063352418
  min: 0.004994420245774123
  num_samples: 2751
  rmse: 6.427330819164031
  std: 4.8429468341178845
trans:
  max: 0.3382581913319868
  mean: 0.11175651996577156
  median: 0.09296818124580584
  min: 0.010441104024040282
  num_samples: 2751
  rmse: 0.13164129507034758
  std: 0.06956946753381421
