rot:
  max: 153.39309327795232
  mean: 87.2658658963968
  median: 88.05782210796764
  min: 41.11589065361268
  num_samples: 2671
  rmse: 88.26396471710088
  std: 13.236167003090872
scale:
  max: 25.225580110021404
  mean: 1.8301392281713753
  median: 1.3509043631700912
  min: 0.0023758839847509705
  num_samples: 2671
  rmse: 2.6887463813081274
  std: 1.9697582360548251
trans:
  max: 0.600155440126769
  mean: 0.07787128477460964
  median: 0.06770195279370635
  min: 0.005905202156061049
  num_samples: 2671
  rmse: 0.09221492293932254
  std: 0.04939286406209755
