rot:
  max: 151.73575830999127
  mean: 86.61162709478415
  median: 87.9567420328106
  min: 39.22154381677398
  num_samples: 2751
  rmse: 87.59791713801862
  std: 13.108056259919866
scale:
  max: 58.3127631431148
  mean: 11.473521979612727
  median: 8.786940997738778
  min: 0.008313807527593475
  num_samples: 2751
  rmse: 15.99611704017593
  std: 11.146033094619371
trans:
  max: 0.6964144927517439
  mean: 0.2319732739973205
  median: 0.19246657867386818
  min: 0.02818933658550246
  num_samples: 2751
  rmse: 0.2763898518821992
  std: 0.1502655994378894
