rot:
  max: 179.99520125940487
  mean: 143.48604016895462
  median: 142.8177676773926
  min: 59.808235351903235
  num_samples: 2665
  rmse: 145.3346005454638
  std: 23.10632797184969
scale:
  max: 25.632167121921245
  mean: 0.4761928044830431
  median: 0.25298869996375206
  min: 0.0002893202725062771
  num_samples: 2665
  rmse: 1.721366085047563
  std: 1.6541891100205408
trans:
  max: 0.5586760198689463
  mean: 0.01469527251823752
  median: 0.009877495316767446
  min: 0.0005499430121827544
  num_samples: 2665
  rmse: 0.04005441236734717
  std: 0.037261305877655804
