rot:
  max: 151.94006888757121
  mean: 86.99827084044114
  median: 88.23442068603379
  min: 39.373972114156956
  num_samples: 2735
  rmse: 87.98300104037516
  std: 13.126665336020865
scale:
  max: 38.19040805947669
  mean: 7.224627302504383
  median: 5.163132868235709
  min: 0.006491216845239123
  num_samples: 2735
  rmse: 10.623668049379228
  std: 7.78890770026897
trans:
  max: 0.5158734557532578
  mean: 0.17367168193384616
  median: 0.14244941161141486
  min: 0.013477230367838917
  num_samples: 2735
  rmse: 0.20358150207545112
  std: 0.10622417277421332
