rot:
  max: 179.9973034225733
  mean: 143.4517239641196
  median: 142.84834054188093
  min: 59.76140122641372
  num_samples: 2665
  rmse: 145.29832660384875
  std: 23.091266868682386
scale:
  max: 11.848767831502304
  mean: 0.30257340352749224
  median: 0.21190812945645066
  min: 2.2868204363479805e-05
  num_samples: 2665
  rmse: 0.6283502162390285
  std: 0.5507025782810748
trans:
  max: 0.2534514095491019
  mean: 0.010187177639804921
  median: 0.008380614725043365
  min: 0.00020616923517065332
  num_samples: 2665
  rmse: 0.01598216915636399
  std: 0.012314671846122874
