rot:
  max: 179.99599621423977
  mean: 168.96467969227396
  median: 171.58252595011007
  min: 135.0601515204177
  num_samples: 2675
  rmse: 169.21920812080435
  std: 9.277791413872414
scale:
  max: 6.1028189539189315
  mean: 0.6197388648243151
  median: 0.3960091709646729
  min: 0.00013849013917877073
  num_samples: 2675
  rmse: 0.9087575529026344
  std: 0.6646533151830764
trans:
  max: 0.11052775423106621
  mean: 0.0195958222302062
  median: 0.015778722655814682
  min: 0.0002751202853795648
  num_samples: 2675
  rmse: 0.024133992006250528
  std: 0.014087346140416969
