rot:
  max: 150.658009903445
  mean: 86.81280439133144
  median: 87.91361488223824
  min: 42.34361703856244
  num_samples: 2735
  rmse: 87.83429397602072
  std: 13.356653472275879
scale:
  max: 39.5348770458127
  mean: 13.111176234251984
  median: 13.268361612689382
  min: 0.0010948168086222232
  num_samples: 2735
  rmse: 14.984566969050936
  std: 7.254950379179598
trans:
  max: 1.0111628398784203
  mean: 0.31927200887301865
  median: 0.30010209090371176
  min: 0.01901235796229574
  num_samples: 2735
  rmse: 0.3554184354445106
  std: 0.15616545265842552
