rot:
  max: 151.7788220090929
  mean: 86.94612197209634
  median: 87.91098889933821
  min: 40.70897462405898
  num_samples: 2735
  rmse: 87.93153614316523
  std: 13.12733493554969
scale:
  max: 19.532383203251324
  mean: 3.9937863313328976
  median: 2.5944600295910503
  min: 0.002360547074697905
  num_samples: 2735
  rmse: 5.6738982644102665
  std: 4.030234764196292
trans:
  max: 0.3246010781270727
  mean: 0.11301829919608795
  median: 0.09302680285776516
  min: 0.020536856472409125
  num_samples: 2735
  rmse: 0.12803394513020339
  std: 0.06016273890397158
