rot:
  max: 153.5964668839971
  mean: 87.26441649600996
  median: 88.01922350953575
  min: 40.58809901119645
  num_samples: 2672
  rmse: 88.27829548672409
  std: 13.340879568164324
scale:
  max: 5.90575877065106
  mean: 1.5741976023779918
  median: 1.3217579528592371
  min: 0.0006214042692853639
  num_samples: 2672
  rmse: 1.9641895489004775
  std: 1.1747095354500354
trans:
  max: 0.23432174400082204
  mean: 0.0692933953530297
  median: 0.06662962041460793
  min: 0.0031991857294888294
  num_samples: 2672
  rmse: 0.07361755416450662
  std: 0.024858995185099247
