rot:
  max: 151.50978915117562
  mean: 86.94909645402477
  median: 88.08503259683572
  min: 40.24174624199451
  num_samples: 2735
  rmse: 87.93394485843073
  std: 13.123767911474483
scale:
  max: 30.90389706303851
  mean: 5.449450977263281
  median: 3.498433142829005
  min: 0.006282079894259773
  num_samples: 2735
  rmse: 8.343466496143224
  std: 6.317983635517648
trans:
  max: 0.44345853848761446
  mean: 0.1359975421932308
  median: 0.10784717624673078
  min: 0.02436758540489833
  num_samples: 2735
  rmse: 0.16212569115100944
  std: 0.08825762430857138
