rot:
  max: 179.9935300811077
  mean: 144.05268306277523
  median: 143.31454228059064
  min: 60.88696079786507
  num_samples: 2654
  rmse: 145.83241070531608
  std: 22.713795687634708
scale:
  max: 8.490956806511186
  mean: 0.4056762723734846
  median: 0.28580728235531594
  min: 0.00012362219057315826
  num_samples: 2654
  rmse: 0.6377902949454004
  std: 0.4921414657999205
trans:
  max: 0.1782396025215817
  mean: 0.013630358871983616
  median: 0.011065667888904743
  min: 0.0007015863902234134
  num_samples: 2654
  rmse: 0.017224046808212996
  std: 0.010530009756522064
