rot:
  max: 179.98663145242026
  mean: 144.03993542912295
  median: 143.22624022825923
  min: 60.85603344625928
  num_samples: 2654
  rmse: 145.82168033620235
  std: 22.725744380496437
scale:
  max: 23.711344625534526
  mean: 0.6399604314546247
  median: 0.43913703525889636
  min: 1.9014742036471688e-05
  num_samples: 2654
  rmse: 1.2959504868850724
  std: 1.1269153963940977
trans:
  max: 0.5035527544090377
  mean: 0.020828989645533057
  median: 0.0167971263419791
  min: 0.0008292549632794117
  num_samples: 2654
  rmse: 0.03301783097398574
  std: 0.025618945188531292
