rot:
  max: 153.4083106966474
  mean: 87.2948094055143
  median: 88.14941886510951
  min: 40.99588828609258
  num_samples: 2670
  rmse: 88.29929119251746
  std: 13.2808537359587
scale:
  max: 5.264259080148981
  mean: 1.508205621382178
  median: 1.2938362542240678
  min: 0.00022999551507751903
  num_samples: 2670
  rmse: 1.8760670497600016
  std: 1.1157703073779979
trans:
  max: 0.13955768998901713
  mean: 0.06898641621658405
  median: 0.06618823680117569
  min: 0.005666921333607152
  num_samples: 2670
  rmse: 0.0729438552628658
  std: 0.02369979742955939
