rot:
  max: 153.68922403311342
  mean: 87.26846961726567
  median: 88.10277661346922
  min: 41.04527805829701
  num_samples: 2673
  rmse: 88.27116103859383
  std: 13.266954502135977
scale:
  max: 6.8467160894813865
  mean: 1.5374453155466505
  median: 1.3007626235712388
  min: 0.00047881061131516134
  num_samples: 2673
  rmse: 1.920769751603393
  std: 1.1513550018904777
trans:
  max: 0.15657159938330187
  mean: 0.0687311448765256
  median: 0.06580495319462595
  min: 0.0046365543267132695
  num_samples: 2673
  rmse: 0.07309782700993739
  std: 0.024886181658437905
