rot:
  max: 179.9943955364796
  mean: 166.39424413892647
  median: 169.3762965300631
  min: 103.16556002349084
  num_samples: 2676
  rmse: 166.82629816721277
  std: 11.998719832176752
scale:
  max: 47.64875045390633
  mean: 20.97815333476693
  median: 21.148710295790945
  min: 0.0060354287567010445
  num_samples: 2676
  rmse: 24.076861506411127
  std: 11.8157666980146
trans:
  max: 2.1062295081290077
  mean: 0.9477799390442545
  median: 0.9689433206731728
  min: 0.03920767796670812
  num_samples: 2676
  rmse: 1.0367411479161956
  std: 0.42017305354801426
