rot:
  max: 153.4940882162481
  mean: 87.2718867143451
  median: 88.0650737617319
  min: 40.73061763224012
  num_samples: 2676
  rmse: 88.28005351133467
  std: 13.303594900726061
scale:
  max: 5.555498048442942
  mean: 1.540054926963484
  median: 1.297009006231098
  min: 0.0024324492303828826
  num_samples: 2676
  rmse: 1.9216288513699786
  std: 1.1492990317376068
trans:
  max: 0.13803431155419588
  mean: 0.06960136000297476
  median: 0.06769500409501189
  min: 0.002349541482473081
  num_samples: 2676
  rmse: 0.0737208810401253
  std: 0.024298538784639404
