rot:
  max: 179.9909623103552
  mean: 144.09782786871256
  median: 143.3380047182064
  min: 60.94270215165607
  num_samples: 2655
  rmse: 145.87437888052025
  std: 22.69692528287557
scale:
  max: 22.17283016599758
  mean: 0.3404804520513044
  median: 0.22419953623135092
  min: 9.40441258090452e-05
  num_samples: 2655
  rmse: 0.8427377640210888
  std: 0.7708955835119337
trans:
  max: 0.6263780371744447
  mean: 0.011576074409310971
  median: 0.008885631154087033
  min: 0.0006463875053213589
  num_samples: 2655
  rmse: 0.023610912969745587
  std: 0.020578379735416364
