rot:
  max: 153.7210258938219
  mean: 87.27801641883453
  median: 88.05608424037842
  min: 40.774855978710306
  num_samples: 2676
  rmse: 88.28678428692723
  std: 13.30804755477165
scale:
  max: 5.161500806060715
  mean: 1.5525050742412876
  median: 1.3202305747730958
  min: 0.0013037431094042873
  num_samples: 2676
  rmse: 1.9345744654837107
  std: 1.1542557589012163
trans:
  max: 0.13903236032487953
  mean: 0.06848958009609304
  median: 0.06565812185612019
  min: 0.00646449696912177
  num_samples: 2676
  rmse: 0.0726171162152154
  std: 0.024133441231514285
