rot:
  max: 152.62499615633823
  mean: 87.1455688579236
  median: 87.84762654841984
  min: 40.73181718269557
  num_samples: 2738
  rmse: 88.12571867071202
  std: 13.106949288769338
scale:
  max: 8.98913537816587
  mean: 3.9707539413883834
  median: 4.043747119320251
  min: 0.0010267351124637614
  num_samples: 2738
  rmse: 4.486227459250933
  std: 2.0879056379745156
trans:
  max: 0.17910459853316799
  mean: 0.0998027070768769
  median: 0.10155025694463246
  min: 0.011808641893670988
  num_samples: 2738
  rmse: 0.1043351211995273
  std: 0.030417711548490604
