rot:
  max: 151.6450193548595
  mean: 87.10758788585181
  median: 87.86237066737921
  min: 41.966816427149325
  num_samples: 2751
  rmse: 88.10286663623754
  std: 13.205424727408833
scale:
  max: 17.85409962448712
  mean: 6.58086025427946
  median: 6.335610003654568
  min: 0.0031250850749064973
  num_samples: 2751
  rmse: 7.502844301451313
  std: 3.6034637399959095
trans:
  max: 0.43918676286790825
  mean: 0.15791948712108397
  median: 0.15037822448477467
  min: 0.012001284215909954
  num_samples: 2751
  rmse: 0.1733967763777799
  std: 0.07160920084472143
