rot:
  max: 179.9976003853699
  mean: 168.83377080070804
  median: 171.4911044018985
  min: 136.14195156802
  num_samples: 2676
  rmse: 169.09412069296118
  std: 9.379738276717227
scale:
  max: 66.30964762129783
  mean: 2.3718835754479044
  median: 1.253519159760963
  min: 0.0009050356154949313
  num_samples: 2676
  rmse: 6.566717141003721
  std: 6.123393039359189
trans:
  max: 1.9387661195896724
  mean: 0.08231672518248515
  median: 0.04487453530401833
  min: 0.0006540083193229685
  num_samples: 2676
  rmse: 0.23432648005201293
  std: 0.21939201445995585
