rot:
  max: 152.37083997955276
  mean: 87.97644989209657
  median: 88.48833058444521
  min: 43.40226218672355
  num_samples: 2734
  rmse: 88.98190789196025
  std: 13.338822904466355
scale:
  max: 13.888794354437618
  mean: 7.880960954301366
  median: 8.492500657799546
  min: 0.011482470599155636
  num_samples: 2734
  rmse: 8.43811955698664
  std: 3.015346761945928
trans:
  max: 0.2927688053125036
  mean: 0.15626231147035977
  median: 0.1560646332652677
  min: 0.02508396133216537
  num_samples: 2734
  rmse: 0.16275390663946454
  std: 0.0455074075327067
