rot:
  max: 151.5404847457769
  mean: 89.48982386132884
  median: 89.53994225171998
  min: 41.32462185695046
  num_samples: 2673
  rmse: 90.55817208444961
  std: 13.869172886121829
scale:
  max: 24.98751016708067
  mean: 3.113982204131934
  median: 1.8452510325137839
  min: 0.003440064936133247
  num_samples: 2673
  rmse: 4.863454128329676
  std: 3.735813283706316
trans:
  max: 0.9214796186399811
  mean: 0.1455843496083998
  median: 0.10483250888035656
  min: 0.009319672229706734
  num_samples: 2673
  rmse: 0.19618827192824884
  std: 0.1315105896545667
