rot:
  max: 179.99431247497824
  mean: 144.07247775231943
  median: 143.3109309512437
  min: 60.944692168206714
  num_samples: 2654
  rmse: 145.84932614122377
  std: 22.696851987807516
scale:
  max: 19.664780499415514
  mean: 0.49593352525937656
  median: 0.3520802186755434
  min: 0.00041176237323137244
  num_samples: 2654
  rmse: 0.8415900550905024
  std: 0.6799439383883367
trans:
  max: 0.41307032613565076
  mean: 0.016166439899515415
  median: 0.013814830510235111
  min: 0.0007153603392445102
  num_samples: 2654
  rmse: 0.0214015174925581
  std: 0.014023949941426195
