rot:
  max: 150.13819401893912
  mean: 87.09776122369203
  median: 87.49843244075467
  min: 42.81753812129813
  num_samples: 2735
  rmse: 88.16375914131977
  std: 13.668519149834042
scale:
  max: 36.76645107284455
  mean: 14.984465837372975
  median: 14.565963405551564
  min: 0.09670006878197412
  num_samples: 2735
  rmse: 16.812534686755992
  std: 7.624113467281033
trans:
  max: 0.903273337584988
  mean: 0.34600783665974805
  median: 0.3291109802990553
  min: 0.047838808304341666
  num_samples: 2735
  rmse: 0.3826176190379713
  std: 0.1633242767267844
