rot:
  max: 179.99906583109697
  mean: 168.74856003165004
  median: 171.9431572847125
  min: 138.01154399375872
  num_samples: 2735
  rmse: 169.03816355012322
  std: 9.890612905316106
scale:
  max: 45.657815055170694
  mean: 16.641360968209256
  median: 17.357038763991504
  min: 0.02257300503289983
  num_samples: 2735
  rmse: 18.60304472544693
  std: 8.314949078782135
trans:
  max: 1.1221416027977393
  mean: 0.35487745166412543
  median: 0.3375998881090244
  min: 0.04397922422002089
  num_samples: 2735
  rmse: 0.3946853383158129
  std: 0.17273827190823618
