rot:
  max: 179.99910901856782
  mean: 169.03085658820046
  median: 171.71452321328672
  min: 135.30315092047874
  num_samples: 2670
  rmse: 169.28425580538294
  std: 9.258983996183021
scale:
  max: 7.237571020169431
  mean: 0.3198575367624136
  median: 0.2250094636843447
  min: 0.0003594312531274291
  num_samples: 2670
  rmse: 0.5060928426549988
  std: 0.39220035895304645
trans:
  max: 0.15790815572535438
  mean: 0.0102886629610044
  median: 0.008097262391421323
  min: 0.000351821541141099
  num_samples: 2670
  rmse: 0.014286581398862188
  std: 0.009912104849181713
