rot:
  max: 152.52770533281435
  mean: 86.0569519939475
  median: 88.38125800124132
  min: 35.10325603933032
  num_samples: 2752
  rmse: 87.12794559146765
  std: 13.619101163483188
scale:
  max: 99.75504584254197
  mean: 22.552032232738338
  median: 20.18842706138464
  min: 0.01772389734182589
  num_samples: 2752
  rmse: 29.11618585107835
  std: 18.416246107392993
trans:
  max: 1.258220795606364
  mean: 0.45865248592113816
  median: 0.40874985058519453
  min: 0.03253746231436611
  num_samples: 2752
  rmse: 0.5215270629072724
  std: 0.2482506284041311
