rot:
  max: 154.15827644825754
  mean: 86.3286848365107
  median: 87.09153153656489
  min: 35.934161041809695
  num_samples: 2735
  rmse: 87.34626898251672
  std: 13.293941460853008
scale:
  max: 41.548627671225255
  mean: 17.05682337882274
  median: 16.657642453269272
  min: 0.0495061286254983
  num_samples: 2735
  rmse: 19.6737461082335
  std: 9.804134951890395
trans:
  max: 1.3228681208800777
  mean: 0.49285684648608474
  median: 0.4759541852132713
  min: 0.041124868674062315
  num_samples: 2735
  rmse: 0.5538449057139808
  std: 0.2526584818626118
