rot:
  max: 150.30610277853324
  mean: 83.57287407067037
  median: 84.95651954492511
  min: 38.96639917704142
  num_samples: 2736
  rmse: 84.62424363912935
  std: 13.298019817349033
scale:
  max: 43.14907521040067
  mean: 16.680641907136174
  median: 16.99155563121402
  min: 0.004310653400474429
  num_samples: 2736
  rmse: 19.46068614821858
  std: 10.023696470133082
trans:
  max: 1.55084247397387
  mean: 0.574391315971882
  median: 0.4604930105478485
  min: 0.06872085783883453
  num_samples: 2736
  rmse: 0.6518683360692493
  std: 0.30823196412082643
