rot:
  max: 153.5391337916111
  mean: 87.24622857159713
  median: 88.1129792659337
  min: 40.942923903052375
  num_samples: 2672
  rmse: 88.25010328879301
  std: 13.273143204051989
scale:
  max: 22.824255469959752
  mean: 1.6480822286858747
  median: 1.3653011031960316
  min: 0.000215188477237227
  num_samples: 2672
  rmse: 2.2700487925446255
  std: 1.5610722238330705
trans:
  max: 0.4803464949832883
  mean: 0.06984647863087319
  median: 0.06567455073637904
  min: 0.003491335612828725
  num_samples: 2672
  rmse: 0.07637229180821907
  std: 0.03089006926030985
