rot:
  max: 153.00528421709913
  mean: 86.57968585660748
  median: 88.73594495103593
  min: 36.4380009632944
  num_samples: 2735
  rmse: 87.60750259804249
  std: 13.380303002442753
scale:
  max: 97.6942481978399
  mean: 21.799646040106254
  median: 17.850352793886525
  min: 0.029626521698378205
  num_samples: 2735
  rmse: 28.397577452153325
  std: 18.198841657565133
trans:
  max: 1.2073000471293591
  mean: 0.42520106695300025
  median: 0.3565855887059932
  min: 0.054965225147831726
  num_samples: 2735
  rmse: 0.49223366163100274
  std: 0.2479879640319152
