rot:
  max: 179.96870271199637
  mean: 143.50256122695984
  median: 142.87109172052274
  min: 59.824262189618906
  num_samples: 2665
  rmse: 145.34665938463425
  std: 23.079564891382663
scale:
  max: 25.50355320015566
  mean: 0.3284192391027209
  median: 0.1861482468489939
  min: 8.295203628438941e-05
  num_samples: 2665
  rmse: 1.3702959099887402
  std: 1.3303577279510428
trans:
  max: 0.5432832644856381
  mean: 0.010431292201510142
  median: 0.006869374512406097
  min: 0.00049134185425173
  num_samples: 2665
  rmse: 0.031229112211187692
  std: 0.029435447890352653
