rot:
  max: 152.10554078445986
  mean: 86.93450278472532
  median: 87.94071234052615
  min: 40.69860316488112
  num_samples: 2751
  rmse: 87.91440321881062
  std: 13.089481230827666
scale:
  max: 22.037117338053804
  mean: 4.080912510009389
  median: 2.441312706561116
  min: 0.0007910559368218273
  num_samples: 2751
  rmse: 6.187694257371986
  std: 4.651205575801085
trans:
  max: 0.31825645217175946
  mean: 0.10362865857209819
  median: 0.08667221470477571
  min: 0.006971737306051174
  num_samples: 2751
  rmse: 0.12269748347196777
  std: 0.06569454751272236
