rot:
  max: 152.05458616421248
  mean: 87.21073952221964
  median: 87.70120803313964
  min: 41.816081294692516
  num_samples: 2734
  rmse: 88.20113218001744
  std: 13.18053981536648
scale:
  max: 7.575393798127939
  mean: 2.6800289421717776
  median: 2.7001894365052683
  min: 0.0006353342843379295
  num_samples: 2734
  rmse: 3.1447500899926313
  std: 1.6452653274260254
trans:
  max: 0.25697645225739435
  mean: 0.08767701640503028
  median: 0.08399101264641214
  min: 0.007095640085793409
  num_samples: 2734
  rmse: 0.09461153423697427
  std: 0.035553947811546915
