rot:
  max: 152.08556367482117
  mean: 86.83551173998347
  median: 88.07278324084545
  min: 40.09161477801996
  num_samples: 2751
  rmse: 87.81684593562784
  std: 13.091689384376926
scale:
  max: 34.92053797515806
  mean: 6.235540016563987
  median: 4.0027419204383685
  min: 0.0012358686148683518
  num_samples: 2751
  rmse: 9.297780436332976
  std: 6.896866081350674
trans:
  max: 0.4376638365905486
  mean: 0.14208437183051997
  median: 0.1162701818727355
  min: 0.002579735878351033
  num_samples: 2751
  rmse: 0.17139467018513654
  std: 0.09585491249486529
