rot:
  max: 179.99999999999665
  mean: 168.6550626731125
  median: 171.56254169683638
  min: 136.46352843855794
  num_samples: 2735
  rmse: 168.94438065922378
  std: 9.882995044886286
scale:
  max: 38.375587403779186
  mean: 14.44300872610907
  median: 14.768867196635904
  min: 0.0016706831652113507
  num_samples: 2735
  rmse: 16.260295966371775
  std: 7.469720466760668
trans:
  max: 0.8321776396144777
  mean: 0.29914287342851814
  median: 0.28868517168210633
  min: 0.046864550191489815
  num_samples: 2735
  rmse: 0.33012827556714075
  std: 0.13963602545855944
