rot:
  max: 151.63515185679137
  mean: 87.04433561818713
  median: 88.077711059085
  min: 40.22159949203675
  num_samples: 2735
  rmse: 88.0319208784533
  std: 13.149248280363423
scale:
  max: 36.906777890134855
  mean: 6.389775727115655
  median: 4.206271596564082
  min: 0.0038950290819572686
  num_samples: 2735
  rmse: 9.905311960176798
  std: 7.568749644795043
trans:
  max: 0.4921931601646923
  mean: 0.15794952075801325
  median: 0.11971363092580789
  min: 0.006747485643891508
  num_samples: 2735
  rmse: 0.19270312625219355
  std: 0.1103922268988301
