rot:
  max: 150.01162747847556
  mean: 90.97701676847834
  median: 90.47299146738112
  min: 43.667805637164925
  num_samples: 2676
  rmse: 92.17791902167869
  std: 14.830750994981695
scale:
  max: 129.7989288098802
  mean: 3.3441106806895284
  median: 1.7592565633719082
  min: 0.00026892332098960026
  num_samples: 2676
  rmse: 6.54544973598983
  std: 5.626707385466884
trans:
  max: 2.5526236006012115
  mean: 0.16134068165497248
  median: 0.09292539343838493
  min: 0.0047346178489837245
  num_samples: 2676
  rmse: 0.2640229845749664
  std: 0.20899119796532506
