rot:
  max: 153.50170721271354
  mean: 87.28073870073874
  median: 88.0907010276683
  min: 40.99440782009659
  num_samples: 2673
  rmse: 88.28225505683734
  std: 13.26006070023338
scale:
  max: 5.269446494115249
  mean: 1.550075282006816
  median: 1.3317241421491932
  min: 0.0001165084668741656
  num_samples: 2673
  rmse: 1.9192148591373546
  std: 1.1316590898521979
trans:
  max: 0.14360207131352817
  mean: 0.06863713683372413
  median: 0.06646777341475595
  min: 0.0014335001451412635
  num_samples: 2673
  rmse: 0.07258272222104169
  std: 0.023604978548720054
