rot:
  max: 179.99999999995654
  mean: 169.03509369337746
  median: 171.69959757087236
  min: 135.37721219176456
  num_samples: 2670
  rmse: 169.28827713584536
  std: 9.255154007036836
scale:
  max: 2.6865792526444388
  mean: 0.33359906040861687
  median: 0.23835925848365025
  min: 0.00028894416727043293
  num_samples: 2670
  rmse: 0.4702024011942663
  std: 0.3313637955228992
trans:
  max: 0.0700997109959813
  mean: 0.010939431511253156
  median: 0.008168268636300331
  min: 0.0004710068945079318
  num_samples: 2670
  rmse: 0.014738808843935334
  std: 0.009877313620041996
