rot:
  max: 151.68846207209856
  mean: 86.91461979560854
  median: 87.97913060019567
  min: 40.4095318508108
  num_samples: 2735
  rmse: 87.90026465299523
  std: 13.1265148402546
scale:
  max: 21.889161870143823
  mean: 4.16414618650985
  median: 2.704164135388032
  min: 0.00011105719061044184
  num_samples: 2735
  rmse: 6.165129364983595
  std: 4.546284925558291
trans:
  max: 0.3408553792009396
  mean: 0.11692885001026837
  median: 0.09673867256901697
  min: 0.024121190898467607
  num_samples: 2735
  rmse: 0.13450664615538485
  std: 0.0664806881375793
