rot:
  max: 152.9648356177353
  mean: 87.63112373729953
  median: 88.51731960381152
  min: 40.87710268874783
  num_samples: 2676
  rmse: 88.6254682898105
  std: 13.2385717555291
scale:
  max: 61.89498949464169
  mean: 2.791881492625883
  median: 1.44470539264821
  min: 3.276776074923049e-05
  num_samples: 2676
  rmse: 6.437945630553444
  std: 5.801081077962563
trans:
  max: 1.9224718392686029
  mean: 0.1159253504451613
  median: 0.07424634202947175
  min: 0.006961002768960235
  num_samples: 2676
  rmse: 0.2447934488664014
  std: 0.21560414126837663
