rot:
  max: 151.94648014570464
  mean: 89.59582741680383
  median: 88.67842549330877
  min: 42.491732597635405
  num_samples: 2676
  rmse: 90.58553236192972
  std: 13.353890174497769
scale:
  max: 496.3410455561608
  mean: 16.149368240094617
  median: 14.025695430726703
  min: 0.016169964238232915
  num_samples: 2676
  rmse: 26.057046409841792
  std: 20.44914602252308
trans:
  max: 7.766956023548329
  mean: 0.6144549698371936
  median: 0.593196762385088
  min: 0.010012494244404
  num_samples: 2676
  rmse: 0.7803122423948317
  std: 0.4809701505016956
