rot:
  max: 153.708086399971
  mean: 87.33484527846514
  median: 88.09659844685001
  min: 40.36515211037173
  num_samples: 2675
  rmse: 88.35860127599317
  std: 13.411458520105219
scale:
  max: 6.739705306541122
  mean: 1.6517315094707299
  median: 1.3888540012776396
  min: 0.00011835292506034989
  num_samples: 2675
  rmse: 2.0661620530443274
  std: 1.2412931362341055
trans:
  max: 0.1625940389375632
  mean: 0.07124058299181696
  median: 0.06887521102546369
  min: 0.011454964175641206
  num_samples: 2675
  rmse: 0.07545863826267456
  std: 0.024875397955474252
