rot:
  max: 179.9975604474475
  mean: 143.4842747279296
  median: 142.89860513792215
  min: 59.79407783462595
  num_samples: 2665
  rmse: 145.3296298796122
  std: 23.086017992394257
scale:
  max: 22.101585596927297
  mean: 0.353473122682225
  median: 0.21321697571741183
  min: 7.021822170383274e-05
  num_samples: 2665
  rmse: 0.9389111466631604
  std: 0.8698338306076653
trans:
  max: 0.47302818017217163
  mean: 0.011077626579125196
  median: 0.008499859508690089
  min: 0.00031493376507109067
  num_samples: 2665
  rmse: 0.02163698492265869
  std: 0.01858615898772035
