rot:
  max: 153.00357130430845
  mean: 87.44108677097401
  median: 87.9008205056638
  min: 43.00682892600675
  num_samples: 2734
  rmse: 88.43491606977206
  std: 13.220844321699946
scale:
  max: 18.314847109419063
  mean: 10.594940040227597
  median: 11.705641582967747
  min: 0.00840093294389721
  num_samples: 2734
  rmse: 11.397971349456922
  std: 4.202498831293468
trans:
  max: 0.35425722645277274
  mean: 0.20226269123559037
  median: 0.2032873904893006
  min: 0.04682231308444608
  num_samples: 2734
  rmse: 0.20978999503869583
  std: 0.055692420960776715
