rot:
  max: 179.99790435197656
  mean: 168.59887998246862
  median: 171.66736706479165
  min: 134.70051451448117
  num_samples: 2735
  rmse: 168.8907761670996
  std: 9.925318281166428
scale:
  max: 45.709916584924194
  mean: 16.514735297455864
  median: 16.888362688739168
  min: 0.02125865809339267
  num_samples: 2735
  rmse: 18.909868063996683
  std: 9.211222950983622
trans:
  max: 1.2606501908634253
  mean: 0.4136732611413561
  median: 0.3872396948520411
  min: 0.03090433480383554
  num_samples: 2735
  rmse: 0.4727253069308913
  std: 0.2287873441202138
