rot:
  max: 153.32774985101995
  mean: 92.3613776371648
  median: 91.1326459230572
  min: 47.9878296069389
  num_samples: 2752
  rmse: 93.71620651186403
  std: 15.877760671435086
scale:
  max: 107.64239574611625
  mean: 19.429553080052127
  median: 17.7673952822171
  min: 0.06344919734317944
  num_samples: 2752
  rmse: 24.235551003254717
  std: 14.486352181995214
trans:
  max: 1.6785302063517085
  mean: 0.6255944671966359
  median: 0.5930922391283528
  min: 0.037350000415895535
  num_samples: 2752
  rmse: 0.699487587733337
  std: 0.31291284410512626
