rot:
  max: 151.81821943565112
  mean: 90.01735869094456
  median: 89.37924175224273
  min: 42.16510083412051
  num_samples: 2676
  rmse: 91.07723109691304
  std: 13.854138680781759
scale:
  max: 217.01855419349604
  mean: 13.464073215467467
  median: 12.081834564611725
  min: 0.0008879930802896396
  num_samples: 2676
  rmse: 22.4217236592676
  std: 17.929094352506826
trans:
  max: 4.803548131204112
  mean: 0.4354263339830459
  median: 0.3960481070123861
  min: 0.02437987846958566
  num_samples: 2676
  rmse: 0.6156533026971723
  std: 0.43523889623518375
