rot:
  max: 179.99430481715908
  mean: 144.06684439487253
  median: 143.26528803315682
  min: 60.922872771193305
  num_samples: 2655
  rmse: 145.84582654294167
  std: 22.710118143624744
scale:
  max: 76.63230774685115
  mean: 0.6573827830775736
  median: 0.40583105019347254
  min: 7.147035174792649e-05
  num_samples: 2655
  rmse: 2.9578501489491544
  std: 2.8838733294220344
trans:
  max: 1.5317000299685166
  mean: 0.018646953560193753
  median: 0.013854429907482266
  min: 0.0011278750680226526
  num_samples: 2655
  rmse: 0.06052639026898494
  std: 0.05758241955594986
