rot:
  max: 151.43303963391693
  mean: 87.79457766875917
  median: 88.26173086507873
  min: 43.39399119161556
  num_samples: 2735
  rmse: 88.83013210748267
  std: 13.524219097494875
scale:
  max: 27.07286097689323
  mean: 11.933136963471837
  median: 12.077046063329544
  min: 0.016013041968920838
  num_samples: 2735
  rmse: 13.307332292308303
  std: 5.889425689227569
trans:
  max: 0.5519765636085741
  mean: 0.2620358065662705
  median: 0.2607286621091449
  min: 0.025928974666109886
  num_samples: 2735
  rmse: 0.28391784019844907
  std: 0.10930039368692206
