rot:
  max: 152.05990583383803
  mean: 87.11868459152151
  median: 87.71411965097481
  min: 41.663414254562426
  num_samples: 2734
  rmse: 88.10441266869266
  std: 13.142386645441801
scale:
  max: 7.50656212472216
  mean: 2.9037332471378483
  median: 2.70139988420659
  min: 0.0016011905016766192
  num_samples: 2734
  rmse: 3.4500313545420123
  std: 1.8630753008907843
trans:
  max: 0.2281171220752477
  mean: 0.09260078918366255
  median: 0.09297465361726247
  min: 0.01343754267858175
  num_samples: 2734
  rmse: 0.09881960198905458
  std: 0.03450228369018547
