rot:
  max: 153.411969922322
  mean: 87.23719319810955
  median: 88.04494791805051
  min: 41.12740544924407
  num_samples: 2671
  rmse: 88.23116008972109
  std: 13.206427741584962
scale:
  max: 5.203007058445075
  mean: 1.4952956074187231
  median: 1.2906943059937004
  min: 0.0008240529243641603
  num_samples: 2671
  rmse: 1.857643441224122
  std: 1.1022387223996748
trans:
  max: 0.13348800981816417
  mean: 0.06836127983797408
  median: 0.06539707420760361
  min: 0.005537471648808159
  num_samples: 2671
  rmse: 0.07223034472971912
  std: 0.023322909738886895
