rot:
  max: 180.00000000001262
  mean: 168.29428474605552
  median: 171.20077895290686
  min: 135.2656399321177
  num_samples: 2735
  rmse: 168.60449641524917
  std: 10.223009989886632
scale:
  max: 37.203353508381475
  mean: 15.038513326982624
  median: 14.680719414190513
  min: 0.034149511091641216
  num_samples: 2735
  rmse: 16.881962757426994
  std: 7.670970177058317
trans:
  max: 0.9128044686450698
  mean: 0.3275319107756334
  median: 0.3136696756538799
  min: 0.05766248190840481
  num_samples: 2735
  rmse: 0.36285158530702094
  std: 0.15615415583160377
