rot:
  max: 151.3064202722679
  mean: 87.69087360935043
  median: 88.204308644393
  min: 43.56070529138127
  num_samples: 2735
  rmse: 88.73220419554711
  std: 13.554141323934365
scale:
  max: 31.8423315080707
  mean: 13.356155424165484
  median: 13.280872450719617
  min: 0.035310981581804235
  num_samples: 2735
  rmse: 14.906826311077849
  std: 6.62016487364004
trans:
  max: 0.6889849479170734
  mean: 0.2912517042501073
  median: 0.2857623871267028
  min: 0.05577975310869983
  num_samples: 2735
  rmse: 0.31364092993575526
  std: 0.11637472965542525
