rot:
  max: 152.08671748702488
  mean: 87.02067729262878
  median: 87.90237243440288
  min: 41.04117863170113
  num_samples: 2738
  rmse: 88.00357688606752
  std: 13.116069086207336
scale:
  max: 11.264491350808715
  mean: 2.1214223630611495
  median: 1.5130856022787298
  min: 0.0003021854307561078
  num_samples: 2738
  rmse: 2.8349018459406503
  std: 1.8804881370595612
trans:
  max: 0.1884092901519462
  mean: 0.07558890016659313
  median: 0.07131686620348862
  min: 0.0065553167428462605
  num_samples: 2738
  rmse: 0.08244562124239413
  std: 0.03291805938461637
