rot:
  max: 179.9721805806244
  mean: 143.99801224741003
  median: 143.15149194181294
  min: 60.77257696184058
  num_samples: 2654
  rmse: 145.78136456502176
  std: 22.732767610534058
scale:
  max: 9.635753105586709
  mean: 0.4867623149269977
  median: 0.3514658095159273
  min: 0.0003590940058195713
  num_samples: 2654
  rmse: 0.7058205328447417
  std: 0.5111213880793345
trans:
  max: 0.18446824660235586
  mean: 0.01572516427111087
  median: 0.013351909900384543
  min: 0.000638980948542255
  num_samples: 2654
  rmse: 0.019107040575006694
  std: 0.010853488295544902
