rot:
  max: 152.89677545224356
  mean: 87.31506224441425
  median: 87.86333445830176
  min: 42.1010871578133
  num_samples: 2751
  rmse: 88.3254421957567
  std: 13.321548120621761
scale:
  max: 29.976447375868855
  mean: 10.137317489576297
  median: 9.982514327816872
  min: 0.007159951512947238
  num_samples: 2751
  rmse: 11.649311481938934
  std: 5.739447022036571
trans:
  max: 0.8000396969731711
  mean: 0.2506976315826108
  median: 0.23493374269974943
  min: 0.008487619514245152
  num_samples: 2751
  rmse: 0.28333030113929225
  std: 0.1320104430056634
