rot:
  max: 153.65070113522248
  mean: 86.18864950170881
  median: 88.44027352342549
  min: 34.9615104301467
  num_samples: 2752
  rmse: 87.26964135041956
  std: 13.693319484422549
scale:
  max: 97.93862494920317
  mean: 23.047447465483852
  median: 19.25782264326842
  min: 0.07429439797520532
  num_samples: 2752
  rmse: 29.524398025384198
  std: 18.452784182531172
trans:
  max: 1.2924637981326963
  mean: 0.4959651986403496
  median: 0.42181555768887347
  min: 0.06621771925238591
  num_samples: 2752
  rmse: 0.5566236716422607
  std: 0.2526824757875987
