rot:
  max: 152.090479643457
  mean: 87.97099664381902
  median: 88.39385231197028
  min: 43.020184621266246
  num_samples: 2751
  rmse: 88.99486693759582
  std: 13.460686859650963
scale:
  max: 25.1373751121723
  mean: 8.836349875710289
  median: 8.527993848032933
  min: 0.012754785476509767
  num_samples: 2751
  rmse: 10.011302095810912
  std: 4.705857044962463
trans:
  max: 0.5998053249638046
  mean: 0.18609972426808924
  median: 0.17136987837592826
  min: 0.018195362206422382
  num_samples: 2751
  rmse: 0.2078891552152189
  std: 0.09265416063749429
