rot:
  max: 158.0423380987359
  mean: 90.02845274524087
  median: 88.17007592674304
  min: 47.08465235878391
  num_samples: 2678
  rmse: 90.988336802566
  std: 13.181620932006268
scale:
  max: 185.22745593832374
  mean: 16.781526098413647
  median: 15.321631047432621
  min: 0.0005112949280849932
  num_samples: 2678
  rmse: 22.999107020183345
  std: 15.727024687909298
trans:
  max: 3.8368876245319115
  mean: 0.6985265787475708
  median: 0.6939720613568809
  min: 0.029705090495949486
  num_samples: 2678
  rmse: 0.8342886556251794
  std: 0.4561777939445125
