rot:
  max: 153.49505225870143
  mean: 87.4487201112467
  median: 88.30849791378772
  min: 41.07116452486819
  num_samples: 2671
  rmse: 88.43991435040621
  std: 13.203779807768383
scale:
  max: 25.822375863521472
  mean: 2.3247969975277427
  median: 1.5003976414720954
  min: 0.0005785791782120242
  num_samples: 2671
  rmse: 3.564533206630341
  std: 2.7020762205119975
trans:
  max: 2.03980194561921
  mean: 0.12308445373699131
  median: 0.08711613101290927
  min: 0.010026140754093379
  num_samples: 2671
  rmse: 0.23490056769154263
  std: 0.20007122219368587
