rot:
  max: 151.77075951167737
  mean: 87.4619877282186
  median: 88.02465289674055
  min: 42.12570318892689
  num_samples: 2738
  rmse: 88.46084028600583
  std: 13.255978528013635
scale:
  max: 10.943070451985271
  mean: 4.31019915111219
  median: 4.373755170908911
  min: 0.004328417103482973
  num_samples: 2738
  rmse: 4.851549136686773
  std: 2.227041154410469
trans:
  max: 0.2439624790325902
  mean: 0.101278793954069
  median: 0.09675404798593654
  min: 0.010025356011438545
  num_samples: 2738
  rmse: 0.10808347881723594
  std: 0.03774446036765018
