rot:
  max: 151.88217006148398
  mean: 87.1440120417487
  median: 87.53843190929243
  min: 42.68077989248688
  num_samples: 2751
  rmse: 88.17340649782889
  std: 13.433941294308326
scale:
  max: 32.239945937900195
  mean: 11.718706167581026
  median: 11.792171451298028
  min: 0.0028041595613759185
  num_samples: 2751
  rmse: 13.297327059098595
  std: 6.284173189412756
trans:
  max: 0.8416077219387044
  mean: 0.2689159665283278
  median: 0.24386508226707324
  min: 0.020041236566908826
  num_samples: 2751
  rmse: 0.30593423411301957
  std: 0.14587651815304373
