rot:
  max: 152.3040311119115
  mean: 86.91157864526582
  median: 87.66092996627168
  min: 41.39757490807946
  num_samples: 2734
  rmse: 87.8920840515292
  std: 13.091827080619533
scale:
  max: 7.35076612529566
  mean: 2.674081886575909
  median: 2.530474167696395
  min: 0.0003916701117656629
  num_samples: 2734
  rmse: 3.179727004466327
  std: 1.7204504894994987
trans:
  max: 0.22781369670305185
  mean: 0.09087257063522915
  median: 0.09153469124783464
  min: 0.007934308189145388
  num_samples: 2734
  rmse: 0.09775862780245935
  std: 0.03604060509987408
