rot:
  max: 179.99749759181097
  mean: 167.69016829590194
  median: 170.9781532176995
  min: 131.67369355204963
  num_samples: 2735
  rmse: 168.0319392186792
  std: 10.711678415724109
scale:
  max: 46.098023487433224
  mean: 19.726001078258754
  median: 20.427731357253464
  min: 0.017826392880126996
  num_samples: 2735
  rmse: 22.06593250114423
  std: 9.888895722252677
trans:
  max: 1.2788345335405322
  mean: 0.46757118417543186
  median: 0.4384952405563819
  min: 0.031081353635377812
  num_samples: 2735
  rmse: 0.5158041173012375
  std: 0.21778676533181104
