rot:
  max: 152.7770067247229
  mean: 87.04735312742972
  median: 87.52825160753662
  min: 41.82654057262248
  num_samples: 2751
  rmse: 88.03686443953363
  std: 13.162363535983578
scale:
  max: 19.955698233997786
  mean: 7.361244722599025
  median: 7.43710550771719
  min: 0.04840118477156263
  num_samples: 2751
  rmse: 8.193442544860861
  std: 3.597857260918505
trans:
  max: 0.483469377514528
  mean: 0.15109217408574688
  median: 0.1420472731790901
  min: 0.01822515970830615
  num_samples: 2751
  rmse: 0.1656623237097967
  std: 0.06793497204659614
