rot:
  max: 179.9979122870139
  mean: 168.59050261989762
  median: 171.92436652188033
  min: 136.58249722838104
  num_samples: 2735
  rmse: 168.8860150185497
  std: 9.986415533918375
scale:
  max: 48.007869653849426
  mean: 18.30054007900748
  median: 18.936366418375684
  min: 0.012181798805932509
  num_samples: 2735
  rmse: 20.938101535414862
  std: 10.173216242859626
trans:
  max: 1.3484457522475666
  mean: 0.4589122939245284
  median: 0.42584866987291947
  min: 0.042716634600286914
  num_samples: 2735
  rmse: 0.5147464256835173
  std: 0.23315957891299158
