rot:
  max: 179.94356394618475
  mean: 143.3409047469766
  median: 142.79939880467435
  min: 59.471865306687135
  num_samples: 2666
  rmse: 145.19920853455383
  std: 23.155888784044485
scale:
  max: 5.376768473438287
  mean: 0.6508845518322618
  median: 0.49233145406116785
  min: 0.0007927784887784561
  num_samples: 2666
  rmse: 0.8782243053164904
  std: 0.5895992118674742
trans:
  max: 0.1239641147324976
  mean: 0.02038072333839577
  median: 0.01804781750245143
  min: 0.0005066462643882902
  num_samples: 2666
  rmse: 0.023585425519440737
  std: 0.01187006373769142
