rot:
  max: 152.7573378391936
  mean: 90.24924798715676
  median: 89.0682335450076
  min: 41.77947302365765
  num_samples: 2673
  rmse: 91.19790194954678
  std: 13.119853572042587
scale:
  max: 129.7163580645572
  mean: 6.93264448050694
  median: 5.449836023653065
  min: 0.005328237300539218
  num_samples: 2673
  rmse: 12.33695205572824
  std: 10.204843287980164
trans:
  max: 3.4135105549574165
  mean: 0.2811311294922634
  median: 0.20654343225069155
  min: 0.011421392746030842
  num_samples: 2673
  rmse: 0.47081905536154556
  std: 0.37767164431810635
