rot:
  max: 153.45012778396057
  mean: 87.26752233761145
  median: 88.08792924766426
  min: 41.24847355030558
  num_samples: 2671
  rmse: 88.26262724190865
  std: 13.216312371406705
scale:
  max: 5.125166039818718
  mean: 1.4856720577434257
  median: 1.2634235662594584
  min: 0.0003168728083036143
  num_samples: 2671
  rmse: 1.8503133761417967
  std: 1.1029225388800736
trans:
  max: 0.13749032809994524
  mean: 0.06826573251054362
  median: 0.06595943338503088
  min: 0.002987599346277492
  num_samples: 2671
  rmse: 0.07210709813184005
  std: 0.023221183557125505
