rot:
  max: 179.99717674861336
  mean: 144.08292711698027
  median: 143.30590066560512
  min: 60.951132749868
  num_samples: 2654
  rmse: 145.85797481182277
  std: 22.68609551265378
scale:
  max: 17.41161485377294
  mean: 0.3775521639685447
  median: 0.2650251099684253
  min: 3.074491985444183e-05
  num_samples: 2654
  rmse: 0.8264056044944877
  std: 0.7351194369778057
trans:
  max: 0.3601119679714957
  mean: 0.011738031381873973
  median: 0.009561397630233438
  min: 0.0006347847642636538
  num_samples: 2654
  rmse: 0.018845649278580658
  std: 0.014743714457673467
