rot:
  max: 154.18205530510852
  mean: 90.68022900494032
  median: 91.17756697576502
  min: 44.879839741009356
  num_samples: 2673
  rmse: 91.58333545426642
  std: 12.829785677877023
scale:
  max: 91.151483040165
  mean: 15.863930260563953
  median: 15.01068296280421
  min: 0.009960473618475518
  num_samples: 2673
  rmse: 19.86719330543358
  std: 11.959978533568833
trans:
  max: 3.847346180312568
  mean: 0.6575489715269714
  median: 0.6269375522384825
  min: 0.0337466729690495
  num_samples: 2673
  rmse: 0.8084239743824501
  std: 0.4702963665606395
