rot:
  max: 179.99410511416676
  mean: 168.46554247306787
  median: 171.53820226954053
  min: 133.39842235122532
  num_samples: 2735
  rmse: 168.76874769055826
  std: 10.111933360849026
scale:
  max: 47.29408400304207
  mean: 16.216410539828445
  median: 16.992927786069
  min: 0.03304486892259373
  num_samples: 2735
  rmse: 18.7276204402091
  std: 9.367592890186845
trans:
  max: 1.197206045368191
  mean: 0.4077499609832539
  median: 0.38352225126665135
  min: 0.015275340049607405
  num_samples: 2735
  rmse: 0.456514766580026
  std: 0.2052941826349958
