rot:
  max: 153.60173906302097
  mean: 87.33826739993424
  median: 88.02463972561311
  min: 40.830993631329065
  num_samples: 2676
  rmse: 88.34856269251638
  std: 13.322746616635843
scale:
  max: 8.136496135996074
  mean: 1.6130114853319297
  median: 1.3848600404862021
  min: 0.0005448703543908806
  num_samples: 2676
  rmse: 2.0076126914004804
  std: 1.1952835089883782
trans:
  max: 0.613729568519406
  mean: 0.06942322861858408
  median: 0.06652828791122525
  min: 0.00425508458124746
  num_samples: 2676
  rmse: 0.07419211449009269
  std: 0.026170311054376703
