rot:
  max: 153.03526939258066
  mean: 88.05637884578788
  median: 88.43616510488121
  min: 43.20459900766344
  num_samples: 2734
  rmse: 89.05649001370809
  std: 13.309115602802377
scale:
  max: 14.177618629160825
  mean: 7.985230001990572
  median: 8.634438348012429
  min: 0.006499764787271101
  num_samples: 2734
  rmse: 8.676495848223798
  std: 3.3937710617474393
trans:
  max: 0.2971692746635551
  mean: 0.15959024262831822
  median: 0.1622243251933897
  min: 0.03181833504012888
  num_samples: 2734
  rmse: 0.16532547066383688
  std: 0.04316787819726314
