rot:
  max: 151.27851002404614
  mean: 87.81218938843044
  median: 88.36069039326202
  min: 42.851649324459174
  num_samples: 2735
  rmse: 88.84806198161925
  std: 13.527657324905901
scale:
  max: 28.602535668123373
  mean: 11.327261376091407
  median: 11.295888563259437
  min: 0.07493656624353306
  num_samples: 2735
  rmse: 12.87953621724994
  std: 6.129894198855362
trans:
  max: 0.606205009212623
  mean: 0.2691991686992791
  median: 0.26480134271501987
  min: 0.03702460366007242
  num_samples: 2735
  rmse: 0.2910627258702388
  std: 0.11067663693224024
