rot:
  max: 151.1248722845388
  mean: 88.03625491262756
  median: 88.28297505257774
  min: 44.09027190332641
  num_samples: 2735
  rmse: 89.099938051306
  std: 13.726499251646109
scale:
  max: 39.56363647524034
  mean: 14.680606205519913
  median: 15.27489269998723
  min: 0.06290818728813541
  num_samples: 2735
  rmse: 16.22701177988628
  std: 6.913444347285769
trans:
  max: 0.8608210375081399
  mean: 0.2891973872529142
  median: 0.2831885531569991
  min: 0.03904954300118288
  num_samples: 2735
  rmse: 0.3139740412221944
  std: 0.12224798471747592
