rot:
  max: 179.99240060831647
  mean: 169.04468962006226
  median: 171.7017282604771
  min: 135.44672387970812
  num_samples: 2673
  rmse: 169.29741767846238
  std: 9.247082991543806
scale:
  max: 3.219473377985782
  mean: 0.30018248099195044
  median: 0.20130704534696564
  min: 0.0002533614708588594
  num_samples: 2673
  rmse: 0.44098216099692567
  std: 0.3230413973828058
trans:
  max: 0.06612042331264505
  mean: 0.009240408648400098
  median: 0.007382524854172652
  min: 0.0003534542561441673
  num_samples: 2673
  rmse: 0.011861701337503278
  std: 0.007437392461790613
