rot:
  max: 179.99999999999986
  mean: 168.99942038385632
  median: 171.59506312507835
  min: 135.1367340037876
  num_samples: 2672
  rmse: 169.25344685402038
  std: 9.269583695468922
scale:
  max: 3.5737545952367666
  mean: 0.4374584237252745
  median: 0.30240673056048384
  min: 0.0003385534375732746
  num_samples: 2672
  rmse: 0.6242373475090456
  std: 0.4453115690580324
trans:
  max: 0.06716455294127394
  mean: 0.013985309737619552
  median: 0.011682297911817827
  min: 0.0008601162576737431
  num_samples: 2672
  rmse: 0.016738526525844403
  std: 0.009197248599404082
