rot:
  max: 151.0802056409728
  mean: 86.63040695992753
  median: 86.96392747301793
  min: 42.20002193944471
  num_samples: 2735
  rmse: 87.70716290760934
  std: 13.701058910144418
scale:
  max: 45.88109852034519
  mean: 17.733282318644864
  median: 18.24039058115614
  min: 0.00047154038549379607
  num_samples: 2735
  rmse: 20.289848383387305
  std: 9.859444488817937
trans:
  max: 1.322989020272939
  mean: 0.46281522371361655
  median: 0.4358606977707464
  min: 0.07820487533544226
  num_samples: 2735
  rmse: 0.5184733257842783
  std: 0.23370207155420225
