rot:
  max: 151.79647871921512
  mean: 86.24167876343066
  median: 86.8553818570172
  min: 41.93360997542084
  num_samples: 2735
  rmse: 87.28852722134816
  std: 13.478124073374483
scale:
  max: 43.89758483551754
  mean: 16.63941102192351
  median: 16.761247339201013
  min: 0.0073216768640582686
  num_samples: 2735
  rmse: 19.259017457063933
  std: 9.69740966727631
trans:
  max: 1.2986738394571362
  mean: 0.4418162916567079
  median: 0.4154950984420326
  min: 0.041257295198213265
  num_samples: 2735
  rmse: 0.4955886378142931
  std: 0.22451383555883944
