rot:
  max: 179.94912583565517
  mean: 140.46815830426746
  median: 139.709641362142
  min: 57.59197435903987
  num_samples: 2510
  rmse: 142.32533969084696
  std: 22.91721668794636
scale:
  max: 3.3730753954773096
  mean: 0.40529919107834306
  median: 0.2973095678554971
  min: 6.843739450701491e-05
  num_samples: 2510
  rmse: 0.5591563345548318
  std: 0.38521211323637766
trans:
  max: 0.17137034268205403
  mean: 0.014022423354231766
  median: 0.011894140442068307
  min: 0.0007231285193589181
  num_samples: 2510
  rmse: 0.017250531425328768
  std: 0.010047511021688493
