rot:
  max: 153.4494837910527
  mean: 87.29332604932148
  median: 88.09833250105495
  min: 41.109476212223626
  num_samples: 2670
  rmse: 88.29618774206253
  std: 13.269965976911966
scale:
  max: 5.257434870720212
  mean: 1.563179035824966
  median: 1.3343340418455973
  min: 0.0005977854773187019
  num_samples: 2670
  rmse: 1.9334796832822303
  std: 1.1378993749987223
trans:
  max: 0.14201792387287135
  mean: 0.06865658011961696
  median: 0.06584581842107548
  min: 0.0052108670947568075
  num_samples: 2670
  rmse: 0.07275264314539641
  std: 0.02406701250508703
