rot:
  max: 179.99440100646004
  mean: 169.05478449225672
  median: 171.72223529333846
  min: 135.37552966582604
  num_samples: 2673
  rmse: 169.307153457518
  std: 9.240782010427962
scale:
  max: 15.650446258412998
  mean: 0.5333206523963464
  median: 0.2784787681216594
  min: 0.0002600988765033563
  num_samples: 2673
  rmse: 1.1559432076877167
  std: 1.0255602279373468
trans:
  max: 0.34126042440942644
  mean: 0.019034196598862022
  median: 0.010308133144388696
  min: 0.0010020068297372229
  num_samples: 2673
  rmse: 0.034077175778835185
  std: 0.028265761424336327
