rot:
  max: 150.28541187029492
  mean: 87.67253300552512
  median: 88.42789550457525
  min: 43.800422812117375
  num_samples: 2735
  rmse: 88.71603904875656
  std: 13.566965058390972
scale:
  max: 30.3773293500615
  mean: 12.734241503069633
  median: 12.948701523438322
  min: 0.00577996493718036
  num_samples: 2735
  rmse: 14.19607790117334
  std: 6.274370176972407
trans:
  max: 0.6516960009598434
  mean: 0.27696758844456815
  median: 0.2734400091456653
  min: 0.05343763605946715
  num_samples: 2735
  rmse: 0.29922350856799873
  std: 0.11324161351262904
