rot:
  max: 151.72608097173892
  mean: 86.95146831091701
  median: 88.0474970422588
  min: 40.359084170407606
  num_samples: 2735
  rmse: 87.93630077426133
  std: 13.12383908911346
scale:
  max: 22.326828849808855
  mean: 4.198885333225076
  median: 2.720338310338033
  min: 0.0007880508590796254
  num_samples: 2735
  rmse: 6.149619318607282
  std: 4.493014547296192
trans:
  max: 0.3433345649486448
  mean: 0.12318567105090311
  median: 0.10606856689928694
  min: 0.024770712476109565
  num_samples: 2735
  rmse: 0.13844145378912331
  std: 0.063176946546859
