rot:
  max: 179.99556503925916
  mean: 168.45418899855596
  median: 171.32280849715806
  min: 136.06403669765297
  num_samples: 2735
  rmse: 168.7529289127113
  std: 10.0367935844754
scale:
  max: 38.05750912859622
  mean: 15.197263346996204
  median: 15.340434256402236
  min: 0.0001492934035285387
  num_samples: 2735
  rmse: 17.022778647788645
  std: 7.669301118984426
trans:
  max: 0.9090353612385346
  mean: 0.33599135569178845
  median: 0.3185109387922536
  min: 0.03234055708636786
  num_samples: 2735
  rmse: 0.3718458186114634
  std: 0.15930826004706516
