rot:
  max: 153.5245641681685
  mean: 87.23989736137935
  median: 88.05238135228564
  min: 40.824072876617564
  num_samples: 2676
  rmse: 88.24232454904413
  std: 13.263036989876772
scale:
  max: 10.08812766536712
  mean: 1.5218390059035256
  median: 1.2971921349954507
  min: 0.001183992116515764
  num_samples: 2676
  rmse: 1.889233052521498
  std: 1.1194675372025162
trans:
  max: 0.19941819735250632
  mean: 0.06898088519840498
  median: 0.06624145401148825
  min: 0.0008458780457655062
  num_samples: 2676
  rmse: 0.07288957086093963
  std: 0.02354839734539098
