rot:
  max: 150.54655731144697
  mean: 87.46088156197433
  median: 88.14731187244122
  min: 43.274733976890765
  num_samples: 2735
  rmse: 88.49596766323837
  std: 13.495572942829542
scale:
  max: 31.10237302086498
  mean: 11.84046743252815
  median: 11.986278831639542
  min: 0.005027651694633484
  num_samples: 2735
  rmse: 13.225342822132388
  std: 5.891775941273475
trans:
  max: 0.658932045323864
  mean: 0.2522364337651061
  median: 0.24655833066415994
  min: 0.014668236113875873
  num_samples: 2735
  rmse: 0.2746266015619352
  std: 0.10861193197305283
