rot:
  max: 153.6137057572075
  mean: 87.29406303153753
  median: 88.0694045572256
  min: 40.91139769563909
  num_samples: 2676
  rmse: 88.3033792600458
  std: 13.312901569133128
scale:
  max: 5.107839346684928
  mean: 1.5238213459002208
  median: 1.2944360359404716
  min: 0.0012816745533994478
  num_samples: 2676
  rmse: 1.88378394898451
  std: 1.1075244792917727
trans:
  max: 0.1391626647758711
  mean: 0.06884755879505146
  median: 0.06678167370845497
  min: 0.006366536468302731
  num_samples: 2676
  rmse: 0.07295245572852345
  std: 0.024126219032084204
