rot:
  max: 180.00000000000082
  mean: 168.32508702793916
  median: 171.561044020612
  min: 132.08894772766783
  num_samples: 2735
  rmse: 168.6350947302018
  std: 10.220579812362146
scale:
  max: 49.26955044712149
  mean: 18.22750012828798
  median: 19.10894996030219
  min: 0.0024942546553496925
  num_samples: 2735
  rmse: 20.31987289661255
  std: 8.98083924851974
trans:
  max: 1.2488556812810387
  mean: 0.39645915801450304
  median: 0.38139702567711115
  min: 0.015451986798263012
  num_samples: 2735
  rmse: 0.43785366324895486
  std: 0.1858385494103959
