rot:
  max: 179.97588037187143
  mean: 166.7965605353188
  median: 168.85370907383464
  min: 121.10327615570607
  num_samples: 2736
  rmse: 167.06187105177753
  std: 9.411490472211456
scale:
  max: 46.83907727401311
  mean: 18.848406046838306
  median: 18.495258227270234
  min: 0.011369186065701697
  num_samples: 2736
  rmse: 21.703317920443524
  std: 10.759721104626992
trans:
  max: 2.099898849566762
  mean: 0.8722446066211927
  median: 0.8713149952950817
  min: 0.02442553221113545
  num_samples: 2736
  rmse: 0.9721427269955386
  std: 0.42924448496231576
