rot:
  max: 151.73071323817203
  mean: 86.63553990346037
  median: 88.02708793480859
  min: 39.343593023509484
  num_samples: 2751
  rmse: 87.62165576656113
  std: 13.108691197433469
scale:
  max: 59.10655860971244
  mean: 11.63070224190269
  median: 8.773855911784068
  min: 0.02335569664861925
  num_samples: 2751
  rmse: 16.553224993698006
  std: 11.778625686054738
trans:
  max: 0.7187074846954501
  mean: 0.22566687084032416
  median: 0.17975217307381222
  min: 0.01396581650461908
  num_samples: 2751
  rmse: 0.2784675661530437
  std: 0.16315222586387268
