rot:
  max: 151.73279311192417
  mean: 87.66524376831478
  median: 88.1252101127789
  min: 43.04017880721093
  num_samples: 2751
  rmse: 88.68335406695225
  std: 13.399340416839749
scale:
  max: 26.498445881392584
  mean: 9.93761002089529
  median: 10.12392870490868
  min: 0.010535764798702552
  num_samples: 2751
  rmse: 11.11788181008122
  std: 4.9850980948760055
trans:
  max: 0.6752750219381994
  mean: 0.20830020424593748
  median: 0.19117338228642855
  min: 0.013692353785790708
  num_samples: 2751
  rmse: 0.23346089900506634
  std: 0.10542777753208366
