rot:
  max: 154.02053541053183
  mean: 87.23169242877113
  median: 87.91989437989952
  min: 40.729473812292326
  num_samples: 2675
  rmse: 88.25440592942718
  std: 13.396716088967501
scale:
  max: 16.10296115200733
  mean: 2.0598240637315564
  median: 1.5514718293923035
  min: 0.0001947906916321962
  num_samples: 2675
  rmse: 2.7782108484278676
  std: 1.8642908423297904
trans:
  max: 0.41025826491605616
  mean: 0.08273697373514963
  median: 0.07227340305961592
  min: 0.005399021147332443
  num_samples: 2675
  rmse: 0.09710072125110991
  std: 0.050824632262662754
