rot:
  max: 179.99864492335
  mean: 169.03406098750986
  median: 171.67310168807663
  min: 135.52979345343365
  num_samples: 2673
  rmse: 169.28766863758298
  std: 9.262881777224646
scale:
  max: 8.403879392551373
  mean: 0.33413229192966837
  median: 0.22060150199146866
  min: 0.0001469391548436505
  num_samples: 2673
  rmse: 0.5463124483963302
  std: 0.4322185821579405
trans:
  max: 0.19048355591867375
  mean: 0.011065200194482006
  median: 0.007787018355198718
  min: 0.0004765780887603737
  num_samples: 2673
  rmse: 0.016054355854973335
  std: 0.011632011286710129
