rot:
  max: 179.97885361485856
  mean: 143.4254437431246
  median: 142.80221999382664
  min: 59.71014118956715
  num_samples: 2665
  rmse: 145.27348293327324
  std: 23.098201892177727
scale:
  max: 6.390053299808418
  mean: 0.504844225557114
  median: 0.37885083277895415
  min: 0.00013700147324380296
  num_samples: 2665
  rmse: 0.7025675393090063
  std: 0.4886035767494446
trans:
  max: 0.13183223612172515
  mean: 0.01641322812569125
  median: 0.014362869534776153
  min: 0.0008232262716746575
  num_samples: 2665
  rmse: 0.019561196737395495
  std: 0.01064172731717507
