rot:
  max: 154.2770059242181
  mean: 85.9937831842215
  median: 88.61979508527992
  min: 30.953220118133096
  num_samples: 2736
  rmse: 87.25882177945688
  std: 14.8044328497957
scale:
  max: 104.96428368828421
  mean: 27.543571071540903
  median: 24.23929980911995
  min: 0.027651863423128198
  num_samples: 2736
  rmse: 33.5512583496777
  std: 19.158252255197844
trans:
  max: 1.442883096162106
  mean: 0.6454663415180225
  median: 0.5933495505954929
  min: 0.13317088570359284
  num_samples: 2736
  rmse: 0.6965908643851898
  std: 0.2619389896755449
