rot:
  max: 179.98304065245867
  mean: 143.96129299870898
  median: 143.18004360352668
  min: 60.778749089184345
  num_samples: 2652
  rmse: 145.74303252087168
  std: 22.719543272691606
scale:
  max: 30.24652434731272
  mean: 0.556843420286599
  median: 0.38631791527609094
  min: 0.00026356371527480604
  num_samples: 2652
  rmse: 1.1180962735350524
  std: 0.9695693281949946
trans:
  max: 0.5720868631071211
  mean: 0.01748524508348009
  median: 0.014369759661288263
  min: 0.000663869620092732
  num_samples: 2652
  rmse: 0.026052132637027697
  std: 0.01931268545044729
