rot:
  max: 152.7941310415198
  mean: 87.55083554937008
  median: 88.11148780574557
  min: 41.47535068176547
  num_samples: 2751
  rmse: 88.5452173374437
  std: 13.232789121809788
scale:
  max: 21.727995544527403
  mean: 7.466367915251724
  median: 7.005285901308644
  min: 0.0011340892074329645
  num_samples: 2751
  rmse: 8.62570555823071
  std: 4.319276158269092
trans:
  max: 0.5523340801764255
  mean: 0.1754522993477934
  median: 0.1626103361973993
  min: 0.011765365902325667
  num_samples: 2751
  rmse: 0.19804178457359492
  std: 0.09185335644747268
