rot:
  max: 152.99861656950506
  mean: 86.35607586138532
  median: 88.34468592094028
  min: 37.150709591935495
  num_samples: 2751
  rmse: 87.36917668731166
  std: 13.266544269000448
scale:
  max: 82.25287289670187
  mean: 17.70641656842267
  median: 14.44438226279975
  min: 0.0189789424746456
  num_samples: 2751
  rmse: 23.77549918801302
  std: 15.866857721196569
trans:
  max: 1.0446536771467028
  mean: 0.36368268880582844
  median: 0.3076543368421624
  min: 0.034519321238006294
  num_samples: 2751
  rmse: 0.42410426489842684
  std: 0.21817270536893038
