rot:
  max: 153.72945573484742
  mean: 87.31674827671893
  median: 88.12167748149932
  min: 40.545633446247315
  num_samples: 2678
  rmse: 88.33883966777489
  std: 13.399106844449264
scale:
  max: 9.03309339917665
  mean: 1.638692952579295
  median: 1.3860081706347005
  min: 0.0020712608312267733
  num_samples: 2678
  rmse: 2.0518076067618156
  std: 1.234746881888188
trans:
  max: 0.20573717708790787
  mean: 0.07123573391712586
  median: 0.06868008342670014
  min: 0.011008955090378117
  num_samples: 2678
  rmse: 0.07537861105456801
  std: 0.02464559225915032
