rot:
  max: 152.2647626815326
  mean: 86.94364509421003
  median: 88.18661768202976
  min: 39.12854200276313
  num_samples: 2735
  rmse: 87.93010102828917
  std: 13.134125192687721
scale:
  max: 54.373047197026445
  mean: 10.70312434587404
  median: 7.586736694478358
  min: 0.0011874918703580484
  num_samples: 2735
  rmse: 15.295241038021747
  std: 10.926459977867637
trans:
  max: 0.706699193071472
  mean: 0.22415200149288386
  median: 0.17357194124604813
  min: 0.0035556428230203454
  num_samples: 2735
  rmse: 0.2754873899505368
  std: 0.16015362077859283
