rot:
  max: 151.85367995660286
  mean: 86.94218221846188
  median: 87.9776166525103
  min: 40.727222238098335
  num_samples: 2751
  rmse: 87.92357114169559
  std: 13.100050129697228
scale:
  max: 19.871788381286027
  mean: 3.603453890782631
  median: 2.3461152566216614
  min: 0.003117185211121143
  num_samples: 2751
  rmse: 5.442877424859463
  std: 4.0792198664754915
trans:
  max: 0.30012177823604425
  mean: 0.10258780726088039
  median: 0.0894556583731099
  min: 0.005563107263353567
  num_samples: 2751
  rmse: 0.11819499479156749
  std: 0.05870092499427171
