rot:
  max: 150.61402090261743
  mean: 87.70541921528859
  median: 88.07438817509045
  min: 43.58992952137905
  num_samples: 2735
  rmse: 88.75345205220457
  std: 13.59906950689877
scale:
  max: 27.789122995959804
  mean: 11.72310336612246
  median: 11.548254643170818
  min: 0.010800306951130878
  num_samples: 2735
  rmse: 12.905592613940042
  std: 5.39658856910476
trans:
  max: 0.6315827845599605
  mean: 0.23937588567388562
  median: 0.2297996504698685
  min: 0.041075924795642496
  num_samples: 2735
  rmse: 0.26021179535535177
  std: 0.10202628974876182
