rot:
  max: 153.60272471104855
  mean: 83.09119780410197
  median: 85.37323527525595
  min: 32.50016659775074
  num_samples: 2735
  rmse: 84.23605086095336
  std: 13.840704899994261
scale:
  max: 58.739647091145116
  mean: 15.176675411541106
  median: 14.757135042348324
  min: 0.0010687259910158176
  num_samples: 2735
  rmse: 18.003889808484985
  std: 9.685482522249096
trans:
  max: 1.6523713050225561
  mean: 0.7495739006050982
  median: 0.7654092651343589
  min: 0.0815802000804287
  num_samples: 2735
  rmse: 0.8101095346280626
  std: 0.3072725591831385
