rot:
  max: 153.62247362678238
  mean: 87.29560222892319
  median: 88.0885558548542
  min: 40.65627055820039
  num_samples: 2677
  rmse: 88.30699668576037
  std: 13.326796132173625
scale:
  max: 9.14979511866818
  mean: 1.5862464692317497
  median: 1.3518336228511285
  min: 0.00016078967817190204
  num_samples: 2677
  rmse: 1.9749849407020907
  std: 1.1766000403067487
trans:
  max: 0.20194723898901495
  mean: 0.06984525191152827
  median: 0.06827780652941642
  min: 0.007795495120401024
  num_samples: 2677
  rmse: 0.07387388325613252
  std: 0.02406224039352621
