rot:
  max: 152.11177449592384
  mean: 86.63675048977704
  median: 88.71014189276094
  min: 36.88889712955179
  num_samples: 2735
  rmse: 87.64865531272747
  std: 13.28006937863677
scale:
  max: 78.3040625697048
  mean: 16.482874009458236
  median: 12.713106974260125
  min: 0.022376982534766388
  num_samples: 2735
  rmse: 22.436458848957596
  std: 15.222008739627427
trans:
  max: 1.0096478380186713
  mean: 0.3277505976906884
  median: 0.2716573399733991
  min: 0.032253411027236736
  num_samples: 2735
  rmse: 0.3903075488373255
  std: 0.21194227608666893
