rot:
  max: 151.99409781947327
  mean: 87.03374302827285
  median: 87.78029594323002
  min: 41.119269018776315
  num_samples: 2738
  rmse: 88.01760955428453
  std: 13.123534818754422
scale:
  max: 9.67170544760474
  mean: 2.3104659077764964
  median: 1.819264098661777
  min: 0.000300467787150982
  num_samples: 2738
  rmse: 2.9117218100551643
  std: 1.7719681679289412
trans:
  max: 0.21612931910570496
  mean: 0.07753761886012851
  median: 0.07246098691871453
  min: 0.004855677276607145
  num_samples: 2738
  rmse: 0.08567668524087027
  std: 0.036447387497111385
