rot:
  max: 179.99917164349063
  mean: 168.88904136365537
  median: 171.4611066879338
  min: 135.36829491595813
  num_samples: 2676
  rmse: 169.14091497266793
  std: 9.227178607609945
scale:
  max: 81.01737309963977
  mean: 5.645912572708858
  median: 3.8842484830876156
  min: 0.00014023990709821632
  num_samples: 2676
  rmse: 9.886249967666158
  std: 8.115516597512872
trans:
  max: 2.2612491130800882
  mean: 0.16236124075535957
  median: 0.0999062445954148
  min: 0.005625021027433399
  num_samples: 2676
  rmse: 0.26509240404378503
  std: 0.20955383599947164
