rot:
  max: 179.99731615337404
  mean: 143.48687335894653
  median: 142.8613189991433
  min: 59.799128031066125
  num_samples: 2665
  rmse: 145.33158295622664
  std: 23.082161472362117
scale:
  max: 20.624248242717126
  mean: 0.3530980163030162
  median: 0.21399262495767069
  min: 6.22974652308983e-05
  num_samples: 2665
  rmse: 0.8510558551645812
  std: 0.7743499593160657
trans:
  max: 0.4381045250978391
  mean: 0.01084455452336926
  median: 0.008177668533939675
  min: 0.0007995933257249724
  num_samples: 2665
  rmse: 0.01969047264616009
  std: 0.016435034232360143
