rot:
  max: 151.61189286788218
  mean: 87.75648720925857
  median: 88.28978889194654
  min: 42.9427711082784
  num_samples: 2751
  rmse: 88.76554941453091
  std: 13.346224767880466
scale:
  max: 14.580261389632664
  mean: 5.754113816075243
  median: 5.934445853525139
  min: 0.0169526117733243
  num_samples: 2751
  rmse: 6.431990308769993
  std: 2.8741387446960642
trans:
  max: 0.3624364094863484
  mean: 0.12725876020203244
  median: 0.12765094658201043
  min: 0.00770502927902125
  num_samples: 2751
  rmse: 0.13747668214750164
  std: 0.05201005754781269
