rot:
  max: 152.59099717773802
  mean: 86.82384607531351
  median: 87.89852160188052
  min: 39.706196806443174
  num_samples: 2751
  rmse: 87.80011410315116
  std: 13.056790923371596
scale:
  max: 28.07825161147688
  mean: 5.787018436997936
  median: 4.107628311766598
  min: 0.00010414703200956055
  num_samples: 2751
  rmse: 8.135145437926417
  std: 5.717605172278066
trans:
  max: 0.4254083553787733
  mean: 0.14103707188047532
  median: 0.11931174249873973
  min: 0.011777732862101473
  num_samples: 2751
  rmse: 0.16497774242038912
  std: 0.08559322315177686
