rot:
  max: 179.9836504569729
  mean: 143.45147727708004
  median: 142.7661601730666
  min: 59.70702706362163
  num_samples: 2665
  rmse: 145.30489800602396
  std: 23.134110131242174
scale:
  max: 26.280176724919414
  mean: 0.6641420053730938
  median: 0.3934288123204954
  min: 0.0013919367211623346
  num_samples: 2665
  rmse: 1.831824435101275
  std: 1.7071895494446743
trans:
  max: 0.5731759615912332
  mean: 0.01994771408548972
  median: 0.014595514360410107
  min: 0.001041491096906167
  num_samples: 2665
  rmse: 0.042497149404290155
  std: 0.03752461072754939
