rot:
  max: 152.29262505544048
  mean: 86.03209724451527
  median: 88.40932585218192
  min: 35.13611084481739
  num_samples: 2735
  rmse: 87.10256890951155
  std: 13.613807488960218
scale:
  max: 96.89027168231515
  mean: 22.032197908695455
  median: 17.817590350189207
  min: 0.0014709818484393011
  num_samples: 2735
  rmse: 28.61627295325933
  std: 18.26125223109076
trans:
  max: 1.251858345505945
  mean: 0.46964150674214195
  median: 0.40507614706839945
  min: 0.06025958331425125
  num_samples: 2735
  rmse: 0.5315206758195705
  std: 0.24889974682322116
