rot:
  max: 151.2606310796512
  mean: 86.74031828618764
  median: 88.05192482434019
  min: 38.680537145678024
  num_samples: 2735
  rmse: 87.73078740442602
  std: 13.145654879520636
scale:
  max: 50.45861765441371
  mean: 9.230507894788495
  median: 6.112697378665932
  min: 0.006891727886293442
  num_samples: 2735
  rmse: 14.022653653722747
  std: 10.556161210236949
trans:
  max: 0.6757371968358253
  mean: 0.19842801283599545
  median: 0.14718345983642633
  min: 0.015616696141760566
  num_samples: 2735
  rmse: 0.2478540214817406
  std: 0.14851915595851312
