rot:
  max: 179.9990153439017
  mean: 169.06487666757232
  median: 171.719080456682
  min: 135.6189559385394
  num_samples: 2676
  rmse: 169.3174998379252
  std: 9.24571407433363
scale:
  max: 7.403307331311915
  mean: 0.2562130847944829
  median: 0.16437685330030205
  min: 9.446011436375912e-05
  num_samples: 2676
  rmse: 0.4946259329824643
  std: 0.4230953423979854
trans:
  max: 0.14187256139336468
  mean: 0.008386374306687556
  median: 0.005934671278224364
  min: 0.00028026846278889593
  num_samples: 2676
  rmse: 0.0143829315908505
  std: 0.011684923925093226
