rot:
  max: 151.0727004059533
  mean: 87.5720290416002
  median: 88.07743033382
  min: 43.26114593074367
  num_samples: 2735
  rmse: 88.62560886147679
  std: 13.62491378338232
scale:
  max: 29.149763672563843
  mean: 13.036166975024067
  median: 12.861371280328548
  min: 0.049084393107456936
  num_samples: 2735
  rmse: 14.405376312889796
  std: 6.129699610524029
trans:
  max: 0.6509333793932263
  mean: 0.27288654782111044
  median: 0.2547249052390938
  min: 0.04079895877994234
  num_samples: 2735
  rmse: 0.29905662517033427
  std: 0.12234294861800034
