rot:
  max: 179.998873644042
  mean: 144.10277974862134
  median: 143.35236394342377
  min: 60.947045380121594
  num_samples: 2655
  rmse: 145.8787407471715
  std: 22.693520456306306
scale:
  max: 9.238431151570081
  mean: 0.1921373901644707
  median: 0.14260295285025704
  min: 3.3028774226728785e-05
  num_samples: 2655
  rmse: 0.3490086514791246
  std: 0.2913593350281789
trans:
  max: 0.19475681630283181
  mean: 0.007102203123395149
  median: 0.006023208618083963
  min: 0.0004607771311603353
  num_samples: 2655
  rmse: 0.009727938692547988
  std: 0.006647668914740613
