rot:
  max: 153.3489696853447
  mean: 87.26560968785164
  median: 88.09572341595123
  min: 40.95897451585679
  num_samples: 2670
  rmse: 88.2699760312679
  std: 13.27787763041031
scale:
  max: 5.093794921241878
  mean: 1.5310302470748283
  median: 1.3053373011894465
  min: 0.0002766721093672153
  num_samples: 2670
  rmse: 1.9045328269774373
  std: 1.1327805045888875
trans:
  max: 0.1406118392560004
  mean: 0.06801025904202387
  median: 0.06525021997438686
  min: 0.005550807371170278
  num_samples: 2670
  rmse: 0.07223280374347324
  std: 0.024334802273286157
