rot:
  max: 153.82601970185834
  mean: 87.48027581880858
  median: 88.36520237840833
  min: 40.27495246881714
  num_samples: 2677
  rmse: 88.49652100866028
  std: 13.372941834219251
scale:
  max: 29.112437439148376
  mean: 2.3319255843370748
  median: 1.4213232911522988
  min: 0.0008950638801907829
  num_samples: 2677
  rmse: 4.112696280323063
  std: 3.3876826538649327
trans:
  max: 1.867318458049747
  mean: 0.11186865560129311
  median: 0.07622624211785088
  min: 0.004442010057017903
  num_samples: 2677
  rmse: 0.2219417977344889
  std: 0.19168611184844905
