rot:
  max: 151.55434953372145
  mean: 87.40939168373752
  median: 88.00174996210684
  min: 42.39351178323989
  num_samples: 2738
  rmse: 88.40774641067314
  std: 13.248693176794783
scale:
  max: 9.236096814547
  mean: 3.804717942703927
  median: 3.8161453063067343
  min: 0.005230988530513514
  num_samples: 2738
  rmse: 4.278680950840913
  std: 1.9573533292575798
trans:
  max: 0.24449844256242512
  mean: 0.09273452436689138
  median: 0.08928641207346913
  min: 0.00751215153703277
  num_samples: 2738
  rmse: 0.09944928113326558
  std: 0.03592307765726241
