rot:
  max: 152.21214871419483
  mean: 86.88338973478821
  median: 87.93605029703852
  min: 40.46855924233286
  num_samples: 2751
  rmse: 87.85884409926601
  std: 13.055767869107955
scale:
  max: 20.90312468402702
  mean: 3.889198543141539
  median: 2.5730441221302858
  min: 0.0006664642098419549
  num_samples: 2751
  rmse: 5.8040138641862145
  std: 4.308214436131461
trans:
  max: 0.3214877073068251
  mean: 0.10754687219351834
  median: 0.09417178365752239
  min: 0.006850107101709288
  num_samples: 2751
  rmse: 0.1247060366472816
  std: 0.0631289621145807
