rot:
  max: 150.6366356158753
  mean: 87.48508688115231
  median: 88.22183527600585
  min: 43.47543212642323
  num_samples: 2734
  rmse: 88.5097564512424
  std: 13.428944874988286
scale:
  max: 22.418492080932563
  mean: 9.876723130929646
  median: 9.764401320660376
  min: 0.02518170753239568
  num_samples: 2734
  rmse: 10.920197718881838
  std: 4.658439482748652
trans:
  max: 0.4461722174880512
  mean: 0.20549503651813736
  median: 0.1959076565045716
  min: 0.03224684285029643
  num_samples: 2734
  rmse: 0.2217675881645187
  std: 0.08338257088095208
