rot:
  max: 179.99543686071166
  mean: 168.1448588569333
  median: 171.0772571737395
  min: 133.8859682202914
  num_samples: 2735
  rmse: 168.46479214683907
  std: 10.377506109833798
scale:
  max: 35.88863580863503
  mean: 13.666318935614518
  median: 14.109812822094003
  min: 0.02527017689261113
  num_samples: 2735
  rmse: 15.270115509983055
  std: 6.812353076455229
trans:
  max: 0.8655590044215524
  mean: 0.29581919914063975
  median: 0.2823858598188545
  min: 0.01624097893277887
  num_samples: 2735
  rmse: 0.32875696817861927
  std: 0.14342993253079345
