rot:
  max: 155.02335709427558
  mean: 85.75942742341988
  median: 88.38406271667365
  min: 29.77004826996002
  num_samples: 2736
  rmse: 87.08875433046857
  std: 15.158223472422234
scale:
  max: 105.91737767059067
  mean: 27.230175156394946
  median: 24.08555602271843
  min: 0.05198733183513493
  num_samples: 2736
  rmse: 33.23083272528557
  std: 19.047461893070246
trans:
  max: 1.4550294686858527
  mean: 0.657239173882888
  median: 0.5982768141731237
  min: 0.10207360164126547
  num_samples: 2736
  rmse: 0.7091996481212949
  std: 0.26645977033898993
