rot:
  max: 153.5579735502475
  mean: 87.2755878510678
  median: 88.09138932848597
  min: 40.61424774439124
  num_samples: 2672
  rmse: 88.28898346275848
  std: 13.338529384373862
scale:
  max: 5.971068398683254
  mean: 1.5688501393432936
  median: 1.3019966639805147
  min: 0.00037534546099005084
  num_samples: 2672
  rmse: 1.9553267223825355
  std: 1.1670526258681557
trans:
  max: 0.13934853994454166
  mean: 0.07095894765743418
  median: 0.06938518570603219
  min: 0.004125409509970566
  num_samples: 2672
  rmse: 0.07490813836309833
  std: 0.024001186228488482
