rot:
  max: 179.9847591292183
  mean: 144.06503675601945
  median: 143.27259278116279
  min: 60.90846231320634
  num_samples: 2654
  rmse: 145.8423164253287
  std: 22.699040613921387
scale:
  max: 8.51129890255371
  mean: 0.3848680748459529
  median: 0.2751622213095273
  min: 2.5692654981313012e-05
  num_samples: 2654
  rmse: 0.5807870713739044
  std: 0.43495998349209847
trans:
  max: 0.1848747691188285
  mean: 0.012454173355008665
  median: 0.010460787349877205
  min: 0.001141466162466691
  num_samples: 2654
  rmse: 0.015447435976619696
  std: 0.009138755073594906
