rot:
  max: 154.28819639592163
  mean: 87.22713249350012
  median: 88.02180035604323
  min: 40.43827507594364
  num_samples: 2672
  rmse: 88.24627384811994
  std: 13.372815897886065
scale:
  max: 6.817748231951615
  mean: 1.608540727427195
  median: 1.3620903080097835
  min: 0.00010731125678065112
  num_samples: 2672
  rmse: 2.005691222723062
  std: 1.1980793000116148
trans:
  max: 0.14545020501139205
  mean: 0.0704903050060902
  median: 0.06775434776081224
  min: 0.008625348164209132
  num_samples: 2672
  rmse: 0.07467351543347864
  std: 0.02464245944183199
