rot:
  max: 179.99801653267895
  mean: 144.0989102054174
  median: 143.35356011957148
  min: 60.96574852664116
  num_samples: 2655
  rmse: 145.8740255872465
  std: 22.687781263042755
scale:
  max: 10.40761258272469
  mean: 0.224734648717904
  median: 0.15871425734839129
  min: 0.00010541509357642198
  num_samples: 2655
  rmse: 0.44237524351138974
  std: 0.38103831006527633
trans:
  max: 0.2362792376542782
  mean: 0.007844919384016507
  median: 0.006349381536230151
  min: 0.0003226609183915457
  num_samples: 2655
  rmse: 0.011483051865308258
  std: 0.00838556617048854
