rot:
  max: 153.97057107835477
  mean: 89.61750150886401
  median: 89.28641745309758
  min: 45.48915152592784
  num_samples: 2735
  rmse: 90.68714206581669
  std: 13.887446106983642
scale:
  max: 36.62715876725758
  mean: 14.82325076958297
  median: 14.936361554360978
  min: 0.0791775546731266
  num_samples: 2735
  rmse: 16.619160093514015
  std: 7.51450057128925
trans:
  max: 0.838878734432605
  mean: 0.3153254457662484
  median: 0.29392587855204133
  min: 0.054156576187920934
  num_samples: 2735
  rmse: 0.3481325841467904
  std: 0.147533587352301
