rot:
  max: 154.84246900757594
  mean: 86.35616118552589
  median: 89.06264052234721
  min: 31.068735400509745
  num_samples: 2736
  rmse: 87.59348200409764
  std: 14.670770767129431
scale:
  max: 104.13800376963778
  mean: 26.217940925878825
  median: 22.396488952995725
  min: 0.004362484184028403
  num_samples: 2736
  rmse: 32.58988798391685
  std: 19.357695431310432
trans:
  max: 1.4450023775931116
  mean: 0.6125605448226105
  median: 0.5570493836518675
  min: 0.08063612598511898
  num_samples: 2736
  rmse: 0.6666935435496181
  std: 0.26315368121569954
