rot:
  max: 150.61158823925325
  mean: 87.89670306637933
  median: 88.33442112105186
  min: 43.93833086163936
  num_samples: 2735
  rmse: 88.93439331849248
  std: 13.546066033688879
scale:
  max: 32.98676960303828
  mean: 12.622417796002068
  median: 12.55679054083111
  min: 0.019531978804909755
  num_samples: 2735
  rmse: 14.175367337209863
  std: 6.4510160539256125
trans:
  max: 0.7899751823999417
  mean: 0.2852102537936614
  median: 0.27909829639821354
  min: 0.03807110647319237
  num_samples: 2735
  rmse: 0.31212887516147847
  std: 0.12680514910888052
