rot:
  max: 146.60652994661206
  mean: 88.6109670208965
  median: 87.5496461414543
  min: 37.747689400836705
  num_samples: 2678
  rmse: 89.67476714958657
  std: 13.771724182329597
scale:
  max: 130.41647545936402
  mean: 18.68659067193345
  median: 18.022237148042727
  min: 0.024118382177573672
  num_samples: 2678
  rmse: 22.46973836532022
  std: 12.47799948972407
trans:
  max: 3.24707643661834
  mean: 0.8576283539748848
  median: 0.8926039518347679
  min: 0.04478117250510391
  num_samples: 2678
  rmse: 0.9547743490327693
  std: 0.4196041754192646
