rot:
  max: 153.42113065665265
  mean: 87.2610457643179
  median: 88.05387311838737
  min: 40.970734073221585
  num_samples: 2670
  rmse: 88.26639341007832
  std: 13.284054265936224
scale:
  max: 5.388169051798986
  mean: 1.6146076868278074
  median: 1.3261694474135888
  min: 0.0007108773502739751
  num_samples: 2670
  rmse: 2.014359361439077
  std: 1.2044441268293855
trans:
  max: 0.16380462693391798
  mean: 0.06941127132751523
  median: 0.06676525887202762
  min: 0.00627376099494964
  num_samples: 2670
  rmse: 0.07381907146928988
  std: 0.025126295494684064
