rot:
  max: 180.0
  mean: 144.08410794504493
  median: 143.32642318776408
  min: 60.97014214578789
  num_samples: 2654
  rmse: 145.85938735163072
  std: 22.68767763067964
scale:
  max: 5.891407158467787
  mean: 0.3860515153456816
  median: 0.28775131950612987
  min: 4.575631968872784e-05
  num_samples: 2654
  rmse: 0.5565417809412081
  std: 0.4008777637042424
trans:
  max: 0.13227432950612986
  mean: 0.012470981265885984
  median: 0.010889657313137086
  min: 0.0007692747939606919
  num_samples: 2654
  rmse: 0.014988212355105272
  std: 0.008313912187872238
