rot:
  max: 149.7509360279626
  mean: 86.77217596056708
  median: 87.77660917225866
  min: 41.44377747171625
  num_samples: 2735
  rmse: 87.80816372910701
  std: 13.448535107811574
scale:
  max: 36.64552109286109
  mean: 15.413758063791562
  median: 15.575311605650388
  min: 0.013933598765158983
  num_samples: 2735
  rmse: 17.08688491708517
  std: 7.374123576440325
trans:
  max: 0.8628664987770579
  mean: 0.3378439829233769
  median: 0.32608854162401124
  min: 0.05154625656716984
  num_samples: 2735
  rmse: 0.3663972260531989
  std: 0.14180398605803754
