rot:
  max: 154.4115591527707
  mean: 87.01865021729995
  median: 87.41348971301169
  min: 40.48254562438667
  num_samples: 2676
  rmse: 88.02323293759468
  std: 13.260620315251035
scale:
  max: 75.28676417765962
  mean: 5.7617247641985125
  median: 3.996891443754036
  min: 0.003809965889445266
  num_samples: 2676
  rmse: 9.76725325374424
  std: 7.886809485742565
trans:
  max: 2.1719858093111664
  mean: 0.17754458760156278
  median: 0.11899744343671147
  min: 0.013436754663241608
  num_samples: 2676
  rmse: 0.26567655211447583
  std: 0.19764096173826656
