rot:
  max: 151.8651128811603
  mean: 87.01717250172487
  median: 88.0544539802999
  min: 40.23315678991817
  num_samples: 2735
  rmse: 88.00123254340357
  std: 13.123590170500265
scale:
  max: 22.04188871438697
  mean: 4.5823155479379825
  median: 3.1776405597111035
  min: 0.002523787574004732
  num_samples: 2735
  rmse: 6.403771141664234
  std: 4.47332863245453
trans:
  max: 0.40168590499353035
  mean: 0.13980711440557764
  median: 0.12600128987210668
  min: 0.010783453037544214
  num_samples: 2735
  rmse: 0.15703644611034123
  std: 0.07151514642753531
