rot:
  max: 179.9918758591575
  mean: 141.23404082313002
  median: 141.33123695059615
  min: 61.23016863324579
  num_samples: 2616
  rmse: 143.03846575011084
  std: 22.648364111258125
scale:
  max: 2.2709259826478756
  mean: 0.3181914196173482
  median: 0.2321123915344947
  min: 0.00017237645209000618
  num_samples: 2616
  rmse: 0.4376387549986422
  std: 0.3004694665996169
trans:
  max: 0.1054735507173724
  mean: 0.010993093636812508
  median: 0.009400821187138454
  min: 0.0004976783593144364
  num_samples: 2616
  rmse: 0.013307582815600792
  std: 0.007499576833818412
