rot:
  max: 152.41502678119895
  mean: 86.89166439365151
  median: 87.67772798101046
  min: 40.96070898320334
  num_samples: 2734
  rmse: 87.87068161538241
  std: 13.080341985320786
scale:
  max: 7.204568132903844
  mean: 2.6450120119233094
  median: 2.4705696113591302
  min: 0.00036921202026807265
  num_samples: 2734
  rmse: 3.1732406178741535
  std: 1.753102243369661
trans:
  max: 0.2497347111722976
  mean: 0.09632263688990059
  median: 0.0944764941132441
  min: 0.013862547058177764
  num_samples: 2734
  rmse: 0.10288053171461348
  std: 0.03614351156788669
