rot:
  max: 179.9745783963362
  mean: 143.4133003917579
  median: 142.82765285064878
  min: 59.67002488238603
  num_samples: 2665
  rmse: 145.26178666587344
  std: 23.100041907000737
scale:
  max: 4.056856294124023
  mean: 0.46834476594213875
  median: 0.3350245918161576
  min: 0.00016877498349998632
  num_samples: 2665
  rmse: 0.6605091491220325
  std: 0.4657526342260605
trans:
  max: 0.07463106987525522
  mean: 0.015579727118933816
  median: 0.01350239165873108
  min: 0.0005719313033769835
  num_samples: 2665
  rmse: 0.01850870246487577
  std: 0.009992205453895385
