rot:
  max: 179.97004961479067
  mean: 144.0645780464216
  median: 143.26507017662968
  min: 60.894742667456526
  num_samples: 2654
  rmse: 145.84186194721457
  std: 22.699031885454588
scale:
  max: 5.398649148445522
  mean: 0.3606896885922928
  median: 0.26183349285566204
  min: 3.193402973167281e-05
  num_samples: 2654
  rmse: 0.5081933105206721
  std: 0.35799914720730047
trans:
  max: 0.1160943861451812
  mean: 0.011964526449423384
  median: 0.010249922442334235
  min: 0.0005749196629411859
  num_samples: 2654
  rmse: 0.014169300450734624
  std: 0.007590730011285937
