rot:
  max: 152.34581995232804
  mean: 87.75602889727286
  median: 88.2782745609428
  min: 42.99893374658399
  num_samples: 2734
  rmse: 88.75875029562658
  std: 13.303952278267102
scale:
  max: 14.74314014933552
  mean: 7.650894680598269
  median: 8.227347677229357
  min: 0.013393852062637546
  num_samples: 2734
  rmse: 8.359323811741188
  std: 3.3678042068885694
trans:
  max: 0.2700059375793687
  mean: 0.16108058092058075
  median: 0.16563365716222844
  min: 0.023609665456358148
  num_samples: 2734
  rmse: 0.16640580457677503
  std: 0.041760486672596936
