rot:
  max: 152.97882666920302
  mean: 86.76165590251314
  median: 88.32819545953117
  min: 38.02830762725556
  num_samples: 2735
  rmse: 87.74757678468433
  std: 13.116870687704576
scale:
  max: 55.08876956418811
  mean: 11.789399258852601
  median: 8.776612754369017
  min: 0.004824352412613475
  num_samples: 2735
  rmse: 16.21214381783783
  std: 11.128507190347813
trans:
  max: 0.7266425558425292
  mean: 0.24604255498818106
  median: 0.19430671385985165
  min: 0.048820225053393736
  num_samples: 2735
  rmse: 0.29404516539080516
  std: 0.161014348505324
