rot:
  max: 152.2303837395194
  mean: 86.89645639162484
  median: 87.98101553750458
  min: 40.32408372816136
  num_samples: 2751
  rmse: 87.87410798619761
  std: 13.07152328339623
scale:
  max: 23.653775098684584
  mean: 4.570015017818746
  median: 3.294992930924223
  min: 0.012249817576248656
  num_samples: 2751
  rmse: 6.56771012035865
  std: 4.716967135986064
trans:
  max: 0.3320116496599707
  mean: 0.11245896485708767
  median: 0.09658811432807948
  min: 0.005541983599346036
  num_samples: 2751
  rmse: 0.1303614289775586
  std: 0.06593241530797561
